0.0
0.0348143417417857
0.048992508710948
0.0773488426492725
0.0915270096184348
0.119883343556759
0.134061510525922
0.148239677495084
0.162417844464246
0.190774178402571
0.204952345371733
0.219130512340895
0.233308679310058
0.24748684627922
0.261665013248382
0.290021347186707
0.304199514155869
0.318377681125031
0.332555848094194
0.346734015063356
0.360912182032518
0.389268515970843
0.403446682940005
0.417624849909167
0.445981183847492
0.460159350816654
0.474337517785816
0.488515684754979
0.502693851724141
0.516872018693303
0.531050185662465
0.55940651960079
0.573584686569952
0.587762853539115
0.601941020508277
0.616119187477439
0.644475521415764
0.658653688384926
0.672831855354088
0.68701002232325
0.701188189292413
0.715366356261575
0.729544523230737
0.757900857169062
0.772079024138224
0.786257191107386
0.814613525045711
0.828791692014873
0.842969858984035
0.87132619292236
0.885504359891522
0.899682526860685
0.913860693829847
0.928038860799009
0.956395194737334
0.970573361706496
0.99892969564482
1.01310786261398
1.02728602958315
1.04146419655231
1.05564236352147
1.06982053049063
1.09817686442896
1.11235503139812
1.12653319836728
1.14071136533644
1.15488953230561
1.16906769927477
1.18324586624393
1.19742403321309
1.21160220018225
1.22578036715142
1.23995853412058
1.25413670108974
1.2683148680589
1.29667120199723
1.31084936896639
1.32502753593555
1.33920570290472
1.35338386987388
1.36756203684304
1.3817402038122
1.39591837078136
1.42427470471969
1.43845287168885
1.45263103865801
1.46680920562718
1.4951655395655
1.50934370653466
1.52352187350382
1.55187820744215
1.56605637441131
1.59441270834964
1.6085908753188
1.62276904228796
1.63694720925712
1.65112537622629
1.66530354319545
1.67948171016461
1.69365987713377
1.70783804410293
1.73619437804126
1.75037254501042
1.76455071197958
1.77872887894875
1.79290704591791
1.80708521288707
1.82126337985623
1.84961971379456
1.86379788076372
1.87797604773288
1.89215421470204
1.92051054864037
1.93468871560953
1.94886688257869
1.96304504954786
1.97722321651702
1.99140138348618
2.00557955045534
2.0197577174245
2.03393588439367
2.04811405136283
2.06229221833199
2.07647038530115
2.09064855227032
2.10482671923948
2.11900488620864
2.14736122014696
2.16153938711613
2.17571755408529
2.18989572105445
2.20407388802361
2.21825205499278
2.23243022196194
2.2466083889311
2.26078655590026
2.27496472286943
2.30332105680775
2.31749922377691
2.33167739074607
2.3600337246844
2.37421189165356
2.38839005862272
2.40256822559189
2.41674639256105
2.43092455953021
2.44510272649937
2.45928089346854
2.4734590604377
2.48763722740686
2.50181539437602
2.51599356134518
2.53017172831435
2.54434989528351
2.55852806225267
2.57270622922183
2.586884396191
2.61524073012932
2.62941889709848
2.64359706406764
2.65777523103681
2.67195339800597
2.68613156497513
2.70030973194429
2.71448789891346
2.72866606588262
2.74284423285178
2.75702239982094
2.7712005667901
2.78537873375927
2.81373506769759
2.82791323466675
2.84209140163592
2.87044773557424
2.8846259025434
2.91298223648173
2.92716040345089
2.95551673738921
2.96969490435838
2.98387307132754
3.01222940526586
3.02640757223503
3.05476390617335
3.06894207314251
3.08312024011168
3.09729840708084
3.12022749016153
3.13440565713069
3.14858382409985
3.16276199106902
3.19111832500734
3.2052964919765
3.23365282591483
3.24783099288399
3.26200915985315
3.27618732682231
3.29036549379148
3.30454366076064
3.3187218277298
3.34707816166813
3.36125632863729
3.38961266257561
3.40379082954478
3.41796899651394
3.4321471634831
3.44632533045226
3.46050349742143
3.47468166439059
3.48885983135975
3.50303799832891
3.51721616529807
3.53139433226724
3.5455724992364
3.55975066620556
3.58810700014388
3.63064150105137
3.64481966802053
3.6589978349897
3.68735416892802
3.70153233589718
3.71571050286635
3.74406683680467
3.772423170743
3.78660133771216
3.80077950468132
3.81495767165048
3.82913583861964
3.84331400558881
3.85749217255797
3.87167033952713
3.88584850649629
3.90002667346545
3.91420484043462
3.94256117437294
3.9567393413421
3.97091750831127
3.98509567528043
3.99927384224959
4.01345200921875
4.02763017618792
4.04180834315708
4.05598651012624
4.09852101103373
4.12687734497205
4.29920307762988
4.47152881028771
4.64385454294554
4.77907302555352
4.79325119252268
4.80742935949184
4.821607526461
4.83578569343017
4.86414202736849
4.87832019433765
4.89249836130682
4.90667652827598
4.9350328622143
4.94921102918346
4.97756736312179
4.99174553009095
5.00049644620248
5.01467461317164
5.04303094710997
5.05720911407913
5.07138728104829
5.08556544801746
5.09974361498662
5.12809994892494
5.1422781158941
5.15645628286327
5.18481261680159
5.19899078377075
5.22734711770908
5.24152528467824
5.2557034516474
5.28405978558573
5.29823795255489
5.31241611952405
5.32659428649321
5.34077245346238
5.3691287874007
5.38330695436986
5.39748512133902
5.41166328830819
5.44001962224651
5.45419778921567
5.46837595618484
5.49673229012316
5.51091045709232
5.53926679103065
5.55344495799981
5.58180129193813
5.5959794589073
5.61015762587646
5.62433579284562
5.63851395981478
5.65269212678395
5.68104846072227
5.69522662769143
5.7094047946606
5.73776112859892
5.76611746253724
5.78029562950641
5.80865196344473
5.82283013041389
5.85118646435222
5.86536463132138
5.87954279829054
5.8937209652597
5.90789913222887
5.93625546616719
5.95043363313635
5.96461180010552
5.97878996707468
5.99296813404384
6.007146301013
6.02132446798216
6.03550263495133
6.04968080192049
6.06385896888965
6.07803713585881
6.09221530282798
6.10639346979714
6.1205716367663
6.13474980373546
6.14892797070463
6.16310613767379
6.17728430464295
6.19146247161211
6.20564063858127
6.21981880555044
6.2339969725196
6.24817513948876
6.26235330645792
6.27653147342709
6.29070964039625
6.30488780736541
6.31906597433457
6.33324414130373
6.3474223082729
6.36160047524206
6.37577864221122
6.40413497614955
6.41831314311871
6.43249131008787
6.4608476440262
6.47502581099536
6.50338214493368
6.51756031190285
6.53173847887201
6.54591664584117
6.56009481281033
6.57427297977949
6.58845114674866
6.60262931371782
6.61680748068698
6.63098564765614
6.65934198159447
6.67352014856363
6.70187648250195
6.73023281644028
6.74441098340944
6.7585891503786
6.77276731734776
6.78694548431693
6.80112365128609
6.82947998522442
6.84365815219358
6.8720144861319
6.88619265310106
6.91454898703939
6.95708348794687
6.97126165491604
6.99961798885436
7.01379615582352
7.02797432279269
7.04215248976185
7.05633065673101
7.07050882370017
7.08468699066934
7.0988651576385
7.12722149157682
7.15557782551515
7.16975599248431
7.18393415945347
7.19811232642263
7.22646866036096
7.24064682733012
7.25482499429928
7.26900316126844
7.28318132823761
7.29735949520677
7.32571582914509
7.35407216308342
7.36825033005258
7.38242849702174
7.39660666399091
7.41078483096007
7.42496299792923
7.43914116489839
7.45331933186756
7.46749749883672
7.48167566580588
7.49585383277504
7.5100319997442
7.52421016671337
7.53838833368253
7.55256650065169
7.56674466762085
7.58092283459002
7.59510100155918
7.6234573354975
7.63763550246667
7.65181366943583
7.66599183640499
7.68017000337415
7.70852633731248
7.72270450428164
7.7368826712508
7.75106083821996
7.76523900518912
7.79359533912745
7.82195167306577
7.83612984003494
7.8503080070041
7.87866434094242
7.89284250791158
7.93537700881907
7.94955517578823
7.9637333427574
7.97791150972656
7.99208967669572
8.00626784366488
8.03462417760321
8.04880234457237
8.06298051154153
8.07715867851069
8.09133684547986
8.11969317941818
8.13387134638734
8.16222768032567
8.17640584729483
8.19058401426399
8.20476218123316
8.21894034820232
8.23311851517148
8.24729668214064
8.2614748491098
8.27565301607897
8.30400935001729
8.31818751698645
8.33236568395562
8.34654385092478
8.3749001848631
8.38907835183226
8.41743468577059
8.43161285273975
8.45996918667808
8.50250368758556
8.51668185455473
8.53086002152389
8.54503818849305
8.55921635546221
8.57339452243138
8.6017508563697
8.61592902333886
8.64428535727719
8.65846352424635
8.67264169121551
8.68681985818467
8.70099802515383
8.715176192123
8.72935435909216
8.74353252606132
8.75771069303049
8.77188885999965
8.78606702696881
8.80024519393797
8.81442336090713
8.82860152787629
8.84277969484546
8.85695786181462
8.87113602878378
8.88531419575294
8.89949236272211
8.91367052969127
8.92784869666043
8.94202686362959
8.95620503059876
8.97038319756792
8.98456136453708
8.99873953150624
9.01291769847541
9.02709586544457
9.04127403241373
9.05545219938289
9.06963036635205
9.08380853332122
9.09798670029038
9.11216486725954
9.1263430342287
9.14052120119787
9.15469936816703
9.16887753513619
9.19723386907451
9.21141203604368
9.22559020301284
9.239768369982
9.25394653695117
9.28230287088949
9.29648103785865
9.31065920482781
9.32483737179697
9.3531937057353
9.36737187270446
9.38155003967363
9.39572820664279
9.40990637361195
9.42408454058111
9.43826270755027
9.45244087451944
9.4666190414886
9.48079720845776
9.50915354239608
9.52333170936525
9.55168804330357
9.56586621027273
9.59422254421106
9.60840071118022
9.62257887814938
9.65093521208771
9.67929154602603
9.6934697129952
9.70764787996436
9.73600421390268
9.76436054784101
9.77853871481017
9.79271688177933
9.80689504874849
9.82107321571765
9.84942954965598
9.86360771662514
9.8777858835943
9.89196405056347
9.90614221753263
9.92032038450179
9.93449855147095
9.94867671844012
9.97703305237844
9.9912112193476
10.0195675532859
10.0337457202551
10.0621020541934
10.0762802211626
10.0904583881317
10.1046365551009
10.1471710560084
10.1755273899467
10.203883723885
10.2180618908542
10.2322400578234
10.2605963917617
10.2747745587308
10.2889527257
10.3031308926692
10.3314872266075
10.3456653935767
10.374021727515
10.3881998944841
10.4165562284225
10.4307343953916
10.4449125623608
10.45909072933
10.4732688962991
10.4874470632683
10.5016252302374
10.5158033972066
10.5299815641758
10.5441597311449
10.5583378981141
10.5725160650833
10.5866942320524
10.6150505659907
10.6292287329599
10.6434068999291
10.6575850668982
10.6717632338674
10.6859414008366
10.7142977347749
10.7426540687132
10.7568322356824
10.7710104026515
10.7851885696207
10.7993667365899
10.813544903559
10.8277230705282
10.8419012374973
10.8702575714357
10.8844357384048
10.898613905374
10.9127920723431
10.9269702393123
10.9411484062815
10.9553265732506
10.983682907189
10.9978610741581
11.1679990777881
11.1821772447572
11.1963554117264
11.2247117456647
11.253068079603
11.2672462465722
11.2814244135414
11.3097807474797
11.3239589144489
11.338137081418
11.3523152483872
11.3664934153563
11.3806715823255
11.3948497492947
11.4090279162638
11.423206083233
11.4373842502022
11.4515624171713
11.4657405841405
11.4799187511096
11.4940969180788
11.508275085048
11.5224532520171
11.5366314189863
11.5508095859555
11.5649877529246
11.5791659198938
11.5933440868629
11.6217004208013
11.6358785877704
11.6500567547396
11.6642349217088
11.6784130886779
11.6925912556471
11.7067694226162
11.7351257565546
11.7493039235237
11.7634820904929
11.777660257462
11.8343729253387
11.8485510923079
11.8769074262462
11.9052637601845
11.9336200941228
11.947798261092
11.9619764280612
11.9761545950303
12.0045109289686
12.0186890959378
12.0470454298761
12.0612235968453
12.0895799307836
12.1179362647219
12.1321144316911
12.1462925986603
12.1604707656294
12.1746489325986
12.2030052665369
12.2313616004752
12.2455397674444
12.2597179344136
12.2880742683519
12.3022524353211
12.3306087692594
12.3447869362285
12.3589651031977
12.387321437136
12.4014996041052
12.4156777710744
12.4298559380435
12.4440341050127
12.4582122719818
12.4865686059202
12.5007467728893
12.5291031068276
12.5432812737968
12.557459440766
12.5716376077351
12.5858157747043
12.5999939416735
12.6283502756118
12.6425284425809
12.6567066095501
12.6708847765193
12.6992411104576
12.7134192774268
12.7275974443959
12.7417756113651
12.7559537783342
12.7701319453034
12.7984882792417
12.8126664462109
12.8410227801492
12.8552009471184
12.8693791140875
12.8835572810567
12.8977354480259
12.911913614995
12.9260917819642
12.9544481159025
12.9686262828717
12.99698261681
13.0111607837792
13.0253389507483
13.0395171177175
13.0678734516558
13.0962297855941
13.1104079525633
13.1245861195325
13.1387642865016
13.1529424534708
13.16712062044
13.1812987874091
13.1954769543783
13.2096551213474
13.2238332883166
13.2521896222549
13.2663677892241
13.2805459561933
13.2947241231624
13.3089022901316
13.3230804571007
13.3372586240699
13.3514367910391
13.3656149580082
13.3797931249774
13.3939712919465
13.4081494589157
13.4223276258849
13.436505792854
13.4506839598232
13.4648621267924
13.4790402937615
13.5073966276998
13.521574794669
13.5357529616382
13.5499311286073
13.5641092955765
13.5782874625457
13.5924656295148
13.6208219634531
13.6491782973915
13.6633564643606
13.6775346313298
13.7058909652681
13.7200691322373
13.7484254661756
13.7767818001139
13.7909599670831
13.8193163010214
13.8334944679906
13.8618508019289
13.8760289688981
13.9043853028364
13.9185634698056
13.9469198037439
13.961097970713
13.9752761376822
13.9894543046514
14.0036324716205
14.0178106385897
14.0319888055589
14.046166972528
14.0603451394972
14.0745233064663
14.0887014734355
14.1028796404047
14.1170578073738
14.131235974343
14.1454141413121
14.1595923082813
14.1737704752505
14.1879486422196
14.2021268091888
14.216304976158
14.2446613100963
14.2588394770654
14.2730176440346
14.2871958110038
14.3155521449421
14.3297303119113
14.3580866458496
14.3722648128187
14.4006211467571
14.4147993137262
14.4289774806954
14.4431556476646
14.4573338146337
14.4715119816029
14.485690148572
14.4998683155412
14.5140464825104
14.5282246494795
14.5424028164487
14.5565809834179
14.570759150387
14.5849373173562
14.5991154843253
14.6132936512945
14.6274718182637
14.6416499852328
14.655828152202
14.6841844861403
14.6983626531095
14.7125408200786
14.7267189870478
14.7550753209861
14.7692534879553
14.7834316549245
14.7976098218936
14.8259661558319
14.8543224897703
14.8685006567394
14.8826788237086
14.8968569906778
14.9252133246161
14.9393914915852
14.9677478255236
14.9819259924927
14.9961041594619
15.0244604934002
15.0528168273385
15.0669949943077
15.095351328246
15.1095294952152
15.1237076621843
15.1520639961227
15.180420330061
15.1945984970302
15.2087766639993
15.2229548309685
15.2371329979376
15.2513111649068
15.265489331876
15.2796674988451
15.2938456658143
15.3080238327835
15.3222019997526
15.3505583336909
15.3647365006601
15.3930928345984
15.4072710015676
15.4214491685368
15.4356273355059
15.4498055024751
15.4639836694442
15.4781618364134
15.4923400033826
15.5065181703517
15.5206963373209
15.5348745042901
15.5490526712592
15.5632308382284
15.5774090051975
15.5915871721667
15.6057653391359
15.6341216730742
15.6482998400434
15.6624780070125
15.6908343409508
15.70501250792
15.7333688418583
15.7475470088275
15.7617251757966
15.790081509735
15.8042596767041
15.8184378436733
15.8326160106425
15.8467941776116
15.8751505115499
15.8893286785191
15.9035068454883
15.9176850124574
15.9460413463958
15.9602195133649
15.9885758473032
16.0169321812416
16.0311103482107
16.0594666821491
16.0736448491182
16.1020011830565
16.1161793500257
16.1303575169949
16.144535683964
16.1587138509332
16.1728920179024
16.1870701848715
16.2154265188098
16.229604685779
16.2579610197173
16.2721391866865
16.2863173536557
16.3004955206248
16.3288518545631
16.3430300215323
16.3713863554706
16.3855645224398
16.399742689409
16.4139208563781
16.4280990233473
16.4422771903164
16.4564553572856
16.4706335242548
16.4848116912239
16.4989898581931
16.5131680251623
16.5273461921314
16.5415243591006
16.5557025260697
16.5840588600081
16.5982370269772
16.6265933609155
16.6407715278847
16.6549496948539
16.669127861823
16.6833060287922
16.6974841957614
16.7258405296997
16.7400186966688
16.7683750306072
16.7825531975763
16.7967313645455
16.8109095315147
16.8250876984838
16.8534440324221
16.8676221993913
16.8959785333296
16.9101567002988
16.924334867268
16.9385130342371
16.9526912012063
16.9810475351446
17.0094038690829
17.0235820360521
17.0377602030213
17.0519383699904
17.0661165369596
17.0802947039287
17.0944728708979
17.1086510378671
17.1370073718054
17.1511855387746
17.1795418727129
17.193720039682
17.2078982066512
17.2220763736204
17.2362545405895
17.2646108745279
17.278789041497
17.3071453754353
17.3213235424045
17.3355017093737
17.3496798763428
17.363858043312
17.3922143772503
17.4063925442195
17.4347488781578
17.448927045127
17.4631052120961
17.4914615460344
17.5056397130036
17.5198178799728
17.5339960469419
17.5481742139111
17.6474213826952
17.6615995496644
17.6899558836027
17.7041340505719
17.718312217541
17.7324903845102
17.7466685514794
17.7750248854177
17.7892030523869
17.8175593863252
17.8317375532943
17.8459157202635
18.0182414529213
18.1905671855792
18.362892918237
18.3988642320608
18.41304239903
18.4272205659992
18.4413987329683
18.4555768999375
18.4697550669066
18.4839332338758
18.498111400845
18.5122895678141
18.5264677347833
18.5406459017525
18.5548240687216
18.5690022356908
18.5831804026599
18.5973585696291
18.6115367365983
18.6398930705366
18.6540712375058
18.6824275714441
18.6966057384132
18.7249620723516
18.7391402393207
18.7533184062899
18.7674965732591
18.7816747402282
18.8100310741665
18.8242092411357
18.852565575074
18.8809219090124
18.8951000759815
18.9234564099198
18.937634576889
18.9659909108273
18.9801690777965
18.9943472447656
19.022703578704
19.0368817456731
19.0652380796115
19.0935944135498
19.1077725805189
19.1219507474881
19.1503070814264
19.1644852483956
19.1928415823339
19.2070197493031
19.2353760832414
19.2495542502106
19.2637324171797
19.2920887511181
19.3062669180872
19.3204450850564
19.3346232520255
19.3488014189947
19.3629795859639
19.377157752933
19.3913359199022
19.4055140868714
19.4196922538405
19.4338704208097
19.462226754748
19.4764049217172
19.4905830886863
19.5047612556555
19.5189394226247
19.5331175895938
19.547295756563
19.5614739235321
19.5898302574705
19.6040084244396
19.6181865914088
19.632364758378
19.6607210923163
19.6748992592854
19.7032555932238
19.7174337601929
19.7316119271621
19.7457900941312
19.7599682611004
19.7741464280696
19.7774700933235
19.7916482602926
19.8058264272618
19.820004594231
19.8341827612001
19.8483609281693
19.8625390951384
19.8767172621076
19.8908954290768
19.9050735960459
19.9192517630151
19.9476080969534
19.9617862639226
19.9901425978609
20.0043207648301
20.0184989317992
20.0326770987684
20.0468552657376
20.0610334327067
20.0752115996759
20.089389766645
20.1035679336142
20.1319242675525
20.1461024345217
20.17445876846
20.1886369354292
20.2169932693675
20.2453496033058
20.259527770275
20.2737059372442
20.2878841042133
20.3020622711825
20.3304186051208
20.34459677209
20.3587749390591
20.3729531060283
20.3871312729975
20.4013094399666
20.4154876069358
20.4296657739049
20.4438439408741
20.4580221078433
20.4722002748124
20.5005566087507
20.5147347757199
20.5430911096582
20.5572692766274
20.5714474435966
20.5856256105657
20.5998037775349
20.613981944504
20.6281601114732
20.6423382784424
20.6565164454115
20.6706946123807
20.699050946319
20.7132291132882
20.7415854472265
20.7557636141957
20.784119948134
20.7982981151032
20.8124762820723
20.8266544490415
20.8408326160106
20.8550107829798
20.869188949949
20.8833671169181
20.8975452838873
20.9117234508565
20.9259016178256
20.9400797847948
20.9542579517639
20.9684361187331
20.9826142857023
20.9967924526714
21.0251487866098
21.0393269535789
21.0676832875172
21.0818614544864
21.0960396214556
21.1102177884247
21.1243959553939
21.138574122363
21.1527522893322
21.1669304563014
21.1811086232705
21.1952867902397
21.2094649572089
21.223643124178
21.2378212911472
21.2519994581163
21.2661776250855
21.2803557920547
21.2945339590238
21.308712125993
21.3228902929622
21.3512466269005
21.3654247938696
21.393781127808
21.4221374617463
21.4363156287155
21.4504937956846
21.4788501296229
21.4930282965921
21.5072064635613
21.5213846305304
21.5497409644688
21.5639191314379
21.5780972984071
21.5922754653762
21.6206317993146
21.6489881332529
21.6631663002221
21.6773444671912
21.6915226341604
21.7057008011295
21.7198789680987
21.7340571350679
21.748235302037
21.7624134690062
21.7765916359754
21.8049479699137
21.833304303852
21.8474824708212
21.8616606377903
21.8758388047595
21.8900169717287
21.918373305667
21.9325514726361
21.9467296396053
21.9609078065745
21.9892641405128
22.003442307482
22.0176204744511
22.0459768083894
22.0743331423278
22.0885113092969
22.1026894762661
22.1168676432352
22.1310458102044
22.1452239771736
22.1594021441427
22.1735803111119
22.1877584780811
22.2019366450502
22.2161148120194
22.2302929789885
22.2444711459577
22.2586493129269
22.272827479896
22.3011838138344
22.3153619808035
22.3295401477727
22.3437183147418
22.357896481711
22.3720746486802
22.3862528156493
22.4146091495877
22.4287873165568
22.442965483526
22.4571436504951
22.4713218174643
22.4854999844335
22.4996781514026
22.5138563183718
22.528034485341
22.5422126523101
22.5563908192793
22.5705689862484
22.5847471532176
22.5989253201868
22.6131034871559
22.6272816541251
22.6414598210943
22.6698161550326
22.6839943220017
22.7123506559401
22.7265288229092
22.7407069898784
22.7548851568475
22.7832414907859
22.8115978247242
22.8257759916934
22.8399541586625
22.8541323256317
22.8683104926008
22.88248865957
22.9108449935083
22.9250231604775
22.9533794944158
22.967557661385
22.9817358283541
22.9959139953233
23.0242703292616
23.0384484962308
23.0526266632
23.0668048301691
23.0809829971383
23.0951611641074
23.1093393310766
23.1235174980458
23.1376956650149
23.1660519989533
23.1802301659224
23.1944083328916
23.2085864998607
23.2227646668299
23.2369428337991
23.2511210007682
23.2794773347066
23.2936555016757
23.3078336686449
23.322011835614
23.3361900025832
23.3503681695524
23.3645463365215
23.3929026704599
23.407080837429
23.4212590043982
23.4354371713673
23.4637935053057
23.4779716722748
23.492149839244
23.5063280062132
23.5205061731823
23.5346843401515
23.5488625071206
23.577218841059
23.5913970080281
23.6197533419664
23.6339315089356
23.6481096759048
23.6622878428739
23.6906441768123
23.7048223437814
23.7190005107506
23.7473568446889
23.7615350116581
23.7757131786272
23.8040695125656
23.8182476795347
23.846604013473
23.8607821804422
23.8749603474114
23.8891385143805
23.9033166813497
23.9174948483189
23.931673015288
23.9458511822572
23.9600293492263
23.9742075161955
23.9883856831647
24.0025638501338
24.016742017103
24.0309201840722
24.0450983510413
24.0592765180105
24.0734546849796
24.0876328519488
24.101811018918
24.1159891858871
24.1301673528563
24.1443455198255
24.1585236867946
24.1727018537638
24.1868800207329
24.2152363546713
24.2294145216404
24.2577708555788
24.3853743583012
24.3995525252704
24.4137306922395
24.4420870261779
24.456265193147
24.4846215270853
24.4987996940545
24.5129778610237
24.5271560279928
24.5555123619312
24.5838686958695
24.5980468628386
24.6122250298078
24.626403196777
24.6405813637461
24.6689376976845
24.6831158646536
24.6972940316228
24.7114721985919
24.7256503655611
24.7398285325303
24.7540066994994
24.7681848664686
24.7823630334378
24.7965412004069
24.8107193673761
24.8248975343452
24.8390757013144
24.8532538682836
24.8816102022219
24.8957883691911
24.9099665361602
24.9241447031294
24.9383228700985
24.9525010370677
24.980857371006
24.9950355379752
25.0233918719135
25.0375700388827
25.0517482058518
25.0801045397902
25.0942827067593
25.1084608737285
25.1226390406976
25.1368172076668
25.1651735416051
25.1793517085743
25.2077080425126
25.236064376451
25.2502425434201
25.2785988773584
25.2927770443276
25.3069552112968
25.3211333782659
25.3494897122042
25.3636678791734
25.3778460461426
25.3920242131117
25.4062023800809
25.4203805470501
25.4345587140192
25.4487368809884
25.4629150479575
25.4770932149267
25.4912713818959
25.505449548865
25.5196277158342
25.5338058828034
25.5479840497725
25.5621622167417
25.5763403837108
25.59051855068
25.6188748846183
25.6330530515875
25.6472312185567
25.675587552495
25.7039438864333
25.7181220534025
25.7323002203716
25.7464783873408
25.76065655431
25.7748347212791
25.8031910552174
25.8173692221866
25.8457255561249
25.8599037230941
25.8740818900632
25.8882600570324
25.9024382240016
25.9166163909707
25.9307945579399
25.9449727249091
25.9733290588474
25.9875072258165
26.0158635597549
26.0442198936932
26.0583980606624
26.0867543946007
26.1009325615698
26.115110728539
26.1434670624773
26.1576452294465
26.1718233964157
26.1860015633848
26.2143578973231
26.2285360642923
26.2427142312615
26.2568923982306
26.2710705651998
26.2994268991381
26.3136050661073
26.3277832330764
26.3419614000456
26.3561395670148
26.3703177339839
26.3844959009531
26.3986740679223
26.4128522348914
26.4270304018606
26.4412085688297
26.4553867357989
26.4695649027681
26.4837430697372
26.4979212367064
26.5120994036756
26.5262775706447
26.5404557376139
26.554633904583
26.5688120715522
26.5829902385214
26.5971684054905
26.6113465724597
26.6255247394289
26.639702906398
26.6538810733672
26.6680592403363
26.6822374073055
26.6964155742747
26.7105937412438
26.7389500751821
26.7531282421513
26.7673064091205
26.7814845760896
26.7956627430588
26.8240190769971
26.8381972439663
26.8523754109354
26.8665535779046
26.8807317448738
26.8949099118429
26.9090880788121
26.9374444127504
26.9516225797196
26.9799789136579
27.0083352475962
27.0225134145654
27.0366915815346
27.0508697485037
27.0650479154729
27.0934042494112
27.1075824163804
27.1217605833495
27.1359387503187
27.164295084257
27.1926514181953
27.2068295851645
27.2210077521337
27.2351859191028
27.249364086072
27.2777204200103
27.2918985869795
27.3060767539486
27.3202549209178
27.334433087887
27.3627894218253
27.3769675887945
27.3911457557636
27.4195020897019
27.4336802566711
27.4478584236403
27.4620365906094
27.4762147575786
27.5045710915169
27.5187492584861
27.5471055924244
27.5612837593936
27.5754619263627
27.5896400933319
27.6038182603011
27.6179964272702
27.6321745942394
27.6463527612085
27.6605309281777
27.688887262116
27.7030654290852
27.7172435960543
27.7314217630235
27.7597780969618
27.773956263931
27.8023125978693
27.8164907648385
27.8306689318076
27.8448470987768
27.859025265746
27.8732034327151
27.8873815996843
27.9015597666535
27.9157379336226
27.9299161005918
27.9440942675609
27.9582724345301
27.9724506014993
27.9866287684684
28.0008069354376
28.0291632693759
28.0433414363451
28.0575196033142
28.0716977702834
28.0858759372526
28.1142322711909
28.1425886051292
28.1567667720984
28.1709449390675
28.1851231060367
28.213479439975
28.2276576069442
28.2418357739133
28.2560139408825
28.2843702748208
28.3127266087592
28.3269047757283
28.3410829426975
28.3552611096666
28.383617443605
28.4119737775433
28.4261519445125
28.4545082784508
28.4686864454199
28.4828646123891
28.4970427793583
28.5112209463274
28.5395772802658
28.5537554472349
28.5679336142041
28.5821117811732
28.6104681151116
28.6246462820807
28.6530026160191
28.6813589499574
28.6955371169265
28.7238934508649
28.738071617834
28.7664279517724
28.7806061187415
28.7947842857107
28.823140619649
28.8373187866182
28.8514969535873
28.8656751205565
28.8940314544948
28.908209621464
28.9223877884331
28.9365659554023
29.0358131241864
29.0499912911556
29.0783476250939
29.0925257920631
29.1067039590322
29.1208821260014
29.1492384599397
29.1634166269089
29.1775947938781
29.1917729608472
29.2059511278164
29.2343074617547
29.2484856287239
29.262663795693
29.2768419626622
29.3051982966005
29.3193764635697
29.347732797508
29.3619109644772
29.3902672984155
29.4044454653847
29.432801799323
29.4611581332613
29.4753363002305
29.4895144671996
29.517870801138
29.5462271350763
29.5604053020454
29.5887616359838
29.6029398029529
29.6312961368913
29.6454743038604
29.6596524708296
29.6738306377987
29.7021869717371
29.7163651387062
29.7305433056754
29.7588996396137
29.7676505557252
29.7818287226944
29.7960068896636
29.8101850566327
29.8243632236019
29.8385413905711
29.8527195575402
29.8668977245094
29.8810758914785
29.8952540584477
29.9094322254169
29.923610392386
29.9377885593552
29.9519667263244
29.9661448932935
29.9803230602627
29.9945012272318
30.008679394201
30.0228575611702
30.0370357281393
30.0512138951085
30.0653920620776
30.0795702290468
30.093748396016
30.1221047299543
30.1504610638926
30.1646392308618
30.1788173978309
30.2071737317693
30.2355300657076
30.2497082326768
30.2638863996459
30.2780645666151
30.2922427335843
30.3064209005534
30.3205990675226
30.3347772344917
30.3489554014609
30.3631335684301
30.3914899023684
30.4569534863566
30.4711316533257
30.4994879872641
30.5136661542332
30.5278443212024
30.5420224881715
30.5562006551407
30.5703788221099
30.584556989079
30.5987351560482
30.6129133230173
30.6412696569557
30.6554478239248
30.669625990894
30.6838041578632
30.6979823248323
30.7121604918015
30.7263386587706
30.7405168257398
30.754694992709
30.7688731596781
30.7830513266473
30.8681203284623
30.8822984954314
30.8964766624006
30.9106548293698
30.9390111633081
30.9531893302772
30.9815456642156
30.9957238311847
31.0099019981539
31.0240801651231
31.0382583320922
31.0666146660305
31.0807928329997
31.0949709999689
31.109149166938
31.1233273339072
31.1375055008764
31.1516836678455
31.1658618348147
31.194218168753
31.2083963357222
31.2225745026913
31.2509308366297
31.2651090035988
31.2934653375371
31.3076435045063
31.3218216714755
31.3359998384446
31.3501780054138
31.364356172383
31.3785343393521
31.3927125063213
31.4068906732904
31.4210688402596
31.4494251741979
31.4636033411671
31.4777815081362
31.4919596751054
31.5061378420746
31.5203160090437
31.5486723429821
31.5628505099512
31.5770286769204
31.5912068438895
31.6195631778279
31.6479195117662
31.6762758457045
31.6904540126737
31.7046321796428
31.718810346612
31.7471666805503
31.7613448475195
31.7897011814578
31.803879348427
31.8180575153961
31.8322356823653
31.8464138493345
31.8605920163036
31.8747701832728
31.888948350242
31.9173046841803
31.9314828511494
31.9456610181186
31.9598391850878
31.9740173520569
31.9881955190261
32.0023736859953
32.0165518529644
32.0307300199336
32.0449081869027
32.0590863538719
32.0732645208411
32.0874426878102
32.1016208547794
32.1299771887177
32.1441553556869
32.158333522656
32.1725116896252
32.2008680235635
32.2150461905327
32.243402524471
32.2575806914402
32.2717588584093
32.2859370253785
32.3001151923477
32.3142933593168
32.328471526286
32.3426496932551
32.3568278602243
32.3851841941626
32.3993623611318
32.413540528101
32.4277186950701
32.4418968620393
32.4560750290084
32.4702531959776
32.4844313629468
32.4986095299159
32.5127876968851
32.5269658638543
32.5411440308234
32.5553221977926
32.5836785317309
32.5978566987001
32.6120348656692
32.6262130326384
32.6403911996076
32.6545693665767
32.6687475335459
32.6971038674842
32.7112820344534
32.7254602014225
32.7396383683917
32.7538165353609
32.76799470233
32.7821728692992
32.7963510362683
32.8105292032375
32.8388855371758
32.853063704145
32.8672418711142
32.8814200380833
32.8955982050525
32.9097763720216
32.9239545389908
32.93813270596
33.1104584386178
33.1791615444357
33.1933397114049
33.2216960453432
33.2358742123124
33.2500523792815
33.2642305462507
33.2784087132199
33.292586880189
33.3067650471582
33.3209432141273
33.3492995480657
33.3634777150348
33.3918340489732
33.4060122159423
33.4343685498806
33.4485467168498
33.462724883819
33.4769030507881
33.4910812177573
33.5052593847265
33.5194375516956
33.5477938856339
33.5619720526031
33.5761502195723
33.5903283865414
33.6045065535106
33.6186847204797
33.6328628874489
33.6470410544181
33.6612192213872
33.6753973883564
33.6895755553256
33.7037537222947
33.7179318892639
33.732110056233
33.7462882232022
33.7604663901714
33.7746445571405
33.7888227241097
33.817179058048
33.8313572250172
33.8455353919863
33.8597135589555
33.8880698928938
33.902248059863
33.9164262268322
33.9447825607705
33.9589607277396
33.987317061678
34.0014952286471
34.0156733956163
34.0440297295546
34.0582078965238
34.0723860634929
34.0865642304621
34.1007423974313
34.1149205644004
34.1290987313696
34.1432768983388
34.1574550653079
34.1716332322771
34.1858113992462
34.1999895662154
34.2141677331846
34.2283459001537
34.2425240671229
34.2708804010612
34.2850585680304
34.2992367349995
34.3134149019687
34.3275930689379
34.341771235907
34.3701275698454
34.3843057368145
34.3984839037837
34.426840237722
34.4410184046912
34.4551965716603
34.4693747386295
34.4835529055986
34.511909239537
34.5260874065061
34.5544437404445
34.5686219074136
34.5969782413519
34.6253345752903
34.6395127422594
34.6536909092286
34.6678690761978
34.6820472431669
34.6962254101361
34.7245817440744
34.7387599110436
34.7671162449819
34.7954725789202
34.8096507458894
34.8380070798277
34.8521852467969
34.866363413766
34.8805415807352
34.9088979146735
34.9230760816427
34.951432415581
34.9656105825502
35.0081450834577
35.0223232504268
35.036501417396
35.0506795843651
35.0648577513343
35.0790359183035
35.0932140852726
35.1073922522418
35.121570419211
35.1357485861801
35.1499267531493
35.1641049201184
35.1782830870876
35.1924612540568
35.2066394210259
35.2208175879951
35.2349957549642
35.2491739219334
35.2633520889026
35.2917084228409
35.3058865898101
35.3200647567792
35.3342429237484
35.3484210907176
35.3767774246559
35.4051337585942
35.4193119255634
35.4334900925325
35.4476682595017
35.4618464264708
35.47602459344
35.4902027604092
35.5043809273783
35.5185590943475
35.5327372613167
35.5469154282858
35.561093595255
35.5752717622241
35.5894499291933
35.6036280961625
35.6178062631316
35.6319844301008
35.64616259707
35.6603407640391
35.6745189310083
35.6886970979774
35.7028752649466
35.7170534319158
35.7454097658541
35.7595879328233
35.7879442667616
35.8021224337307
35.8163006006999
35.8304787676691
35.8446569346382
35.8588351016074
35.8730132685766
35.8871914355457
35.9013696025149
35.9297259364532
35.9580822703915
35.9722604373607
35.9864386043298
36.000616771299
36.0147949382682
36.0431512722065
36.0573294391757
36.0715076061448
36.085685773114
36.0998639400831
36.1140421070523
36.1282202740215
36.1423984409906
36.1565766079598
36.170754774929
36.1849329418981
36.1991111088673
36.2132892758364
36.2274674428056
36.2416456097748
36.2558237767439
36.2700019437131
36.2841801106823
36.2983582776514
36.3267146115897
36.3408927785589
36.3550709455281
36.3692491124972
36.3834272794664
36.3976054464356
36.4259617803739
36.440139947343
36.4543181143122
36.4684962812814
36.4826744482505
36.5110307821889
36.525208949158
36.5393871161272
36.5535652830963
36.5677434500655
36.5819216170347
36.5960997840038
36.610277950973
36.6244561179422
36.6386342849113
36.6528124518805
36.6669906188496
36.6811687858188
36.695346952788
36.7095251197571
36.7237032867263
36.7378814536955
36.7520596206646
36.7662377876338
36.7804159546029
36.7945941215721
36.8087722885413
36.8229504555104
36.8371286224796
36.8513067894487
36.8654849564179
36.8796631233871
36.9080194573254
36.9221976242946
36.9505539582329
36.964732125202
36.9789102921712
36.9930884591404
37.0072666261095
37.0214447930787
37.049801127017
37.0639792939862
37.0781574609553
37.0923356279245
37.1065137948937
37.134870128832
37.1490482958012
37.1632264627703
37.1774046297395
37.1915827967086
37.219939130647
37.2341172976161
37.2624736315545
37.2766517985236
37.3050081324619
37.3191862994311
37.3333644664003
37.3475426333694
37.3758989673078
37.3900771342769
37.4042553012461
37.4184334682152
37.4326116351844
37.4467898021536
37.4609679691227
37.4751461360919
37.5035024700302
37.5176806369994
37.5318588039685
37.5460369709377
37.5602151379069
37.574393304876
37.5885714718452
37.6027496388144
37.6169278057835
37.6311059727527
37.659462306691
37.6736404736602
37.6878186406293
37.7019968075985
37.7161749745677
37.7303531415368
37.744531308506
37.7587094754751
37.7728876424443
37.7870658094135
37.8012439763826
37.8154221433518
37.8296003103209
37.8437784772901
37.8579566442593
37.8721348112284
37.8863129781976
37.9004911451668
37.9146693121359
37.9288474791051
37.9430256460742
37.9713819800126
37.9855601469817
38.0139164809201
38.0280946478892
38.0564509818275
38.0706291487967
38.0848073157659
38.098985482735
38.1131636497042
38.1273418166734
38.1698763175808
38.18405448455
38.1982326515192
38.2124108184883
38.2265889854575
38.2407671524266
38.2549453193958
38.269123486365
38.2833016533341
38.3116579872725
38.3258361542416
38.3400143212108
38.3541924881799
38.3825488221183
38.3967269890874
38.4109051560566
38.4250833230258
38.4392614899949
38.4676178239333
38.4817959909024
38.4959741578716
38.5101523248407
38.5385086587791
38.5526868257482
38.5668649927174
38.5810431596866
38.5952213266557
38.623577660594
38.6377558275632
38.6661121615015
38.6802903284707
38.708646662409
38.7228248293782
38.7370029963473
38.7653593302857
38.7795374972548
38.793715664224
38.8078938311931
38.8220719981623
38.8362501651315
38.8646064990698
38.878784666039
38.9071409999773
38.9354973339156
38.9496755008848
38.9638536678539
38.9922100017923
39.0063881687614
39.0205663357306
39.0347445026997
39.0631008366381
39.0914571705764
39.1056353375456
39.1198135045147
39.1339916714839
39.148169838453
39.1623480054222
39.1765261723914
39.1907043393605
39.2048825063297
39.2190606732988
39.233238840268
39.2474170072372
39.2615951742063
39.2757733411755
39.2899515081447
39.318307842083
39.3324860090521
39.3466641760213
39.3608423429905
39.3750205099596
39.3891986769288
39.403376843898
39.4175550108671
39.4317331778363
39.4459113448054
39.4600895117746
39.4742676787438
39.4884458457129
39.5168021796513
39.5309803466204
39.5593366805588
39.5735148475279
39.6018711814662
39.6302275154046
39.6444056823737
39.6585838493429
39.672762016312
39.6869401832812
39.7011183502504
39.7152965172195
39.7294746841887
39.7436528511579
39.757831018127
39.7720091850962
39.8003655190345
39.8145436860037
39.8287218529728
39.842900019942
39.8570781869112
39.8712563538803
39.8854345208495
39.9137908547878
39.927969021757
39.9421471887261
39.9563253556953
39.9846816896336
39.9988598566028
40.0130380235719
40.0272161905411
40.0413943575103
40.0555725244794
40.0697506914486
40.0839288584177
40.1122851923561
40.1264633593252
40.1548196932636
40.1689978602327
40.197354194171
40.2115323611402
40.2398886950785
40.2540668620477
40.2682450290169
40.282423195986
40.2966013629552
40.3107795299243
40.3391358638627
40.3533140308318
40.3816703647702
40.3958485317393
40.4242048656776
40.4383830326468
40.4667393665851
40.4809175335543
40.5092738674926
40.5234520344618
40.5518083684001
40.5659865353693
40.5801647023384
40.6085210362768
40.6226992032459
40.6368773702151
40.6510555371842
40.6652337041534
40.6794118711226
40.7077682050609
40.7165191211724
40.7306972881416
40.7448754551107
40.7590536220799
40.7732317890491
40.7874099560182
40.8015881229874
40.8157662899566
40.8441226238949
40.858300790864
40.8724789578332
40.8866571248024
40.9008352917715
40.9150134587407
40.9291916257099
40.943369792679
40.9575479596482
40.9717261266173
41.0000824605557
41.0142606275248
41.0426169614632
41.0709732954015
41.0851514623706
41.0993296293398
41.113507796309
41.1418641302473
41.1560422972165
41.1702204641856
41.1985767981239
41.2127549650931
41.2411112990314
41.2694676329698
41.2836457999389
41.2978239669081
41.3120021338772
41.3261803008464
41.3545366347847
41.3687148017539
41.3970711356922
41.4058220518037
41.4200002187729
41.4341783857421
41.4483565527112
41.4625347196804
41.4767128866496
41.4908910536187
41.519247387557
41.5334255545262
41.5476037214954
41.5617818884645
41.5759600554337
41.5901382224028
41.604316389372
41.6326727233103
41.6468508902795
41.6752072242178
41.689385391187
41.7035635581561
41.7177417251253
41.7319198920945
41.7460980590636
41.774454393002
41.7886325599711
41.8028107269403
41.8169888939094
41.8311670608786
41.8453452278478
41.8595233948169
41.8737015617861
41.8878797287553
41.9020578957244
41.9162360626936
41.9304142296627
41.9445923966319
41.9587705636011
41.9729487305702
42.0013050645086
42.0154832314777
42.0296613984469
42.043839565416
42.0580177323852
42.0721958993544
42.0863740663235
42.0951249824351
42.1093031494042
42.1234813163734
42.1376594833425
42.1660158172809
42.18019398425
42.2085503181884
42.2227284851575
42.2369066521267
42.2510848190958
42.265262986065
42.2794411530342
42.2936193200033
42.3077974869725
42.3361538209108
42.35033198788
42.3786883218183
42.3928664887875
42.4212228227258
42.435400989695
42.4637573236333
42.4779354906024
42.5062918245408
42.5204699915099
42.5488263254483
42.5630044924174
42.5771826593866
42.6055389933249
42.6338953272632
42.6480734942324
42.6622516612016
42.6906079951399
42.704786162109
42.7331424960474
42.7614988299857
42.7756769969549
42.7844279130664
42.7986060800355
42.8127842470047
42.8269624139739
42.841140580943
42.8553187479122
42.8694969148814
42.8836750818505
42.8978532488197
42.9120314157888
42.9403877497272
42.9545659166963
42.9687440836655
42.9829222506347
42.9971004176038
43.011278584573
43.0254567515421
43.0396349185113
43.0538130854805
43.0679912524496
43.0963475863879
43.1105257533571
43.1388820872954
43.1530602542646
43.1814165882029
43.1955947551721
43.2097729221412
43.2239510891104
43.2381292560796
43.2523074230487
43.2664855900179
43.2806637569871
43.2948419239562
43.3090200909254
43.3231982578945
43.3373764248637
43.3515545918329
43.450801760617
43.4649799275862
43.4737308436977
43.4879090106669
43.502087177636
43.5162653446052
43.5304435115743
43.5446216785435
43.5587998455127
43.587156179451
43.6155125133893
43.6296906803585
43.6438688473277
43.672225181266
43.6864033482351
43.7147596821735
43.7289378491426
43.7431160161118
43.7572941830809
43.7714723500501
43.7856505170193
43.7998286839884
43.8140068509576
43.8281850179268
43.8423631848959
43.8565413518651
43.8707195188342
43.8848976858034
43.9132540197417
43.9274321867109
43.9557885206492
43.9699666876184
43.9841448545875
44.0125011885259
44.0408575224642
44.0550356894334
44.0692138564025
44.0833920233717
44.0975701903408
44.11174835731
44.1219928192002
44.1361709861693
44.1503491531385
44.163033774329
44.1772119412982
44.1913901082673
44.2055682752365
44.2197464422057
44.2339246091748
44.248102776144
44.2622809431132
44.2764591100823
44.2906372770515
44.3048154440206
44.3189936109898
44.333171777959
44.3473499449281
44.3615281118973
44.3757062788665
44.3898844458356
44.4040626128048
44.4182407797739
44.4324189467431
44.4607752806814
44.4749534476506
44.5033097815889
44.5174879485581
44.5316661155272
44.5458442824964
44.5742006164347
44.602556950373
44.6309132843114
44.6450914512805
44.6592696182497
44.6734477852189
44.687625952188
44.7018041191572
44.7159822861263
44.7443386200647
44.7585167870338
44.7868731209722
44.8010512879413
44.8152294549105
44.8294076218796
44.8435857888488
44.8523367049603
44.8665148719295
44.8806930388987
44.8948712058678
44.9232275398061
44.9374057067753
44.9515838737445
44.9657620407136
44.9799402076828
44.994118374652
45.0224747085903
45.0366528755594
45.0650092094978
45.0933655434361
45.1075437104053
45.1359000443436
45.1500782113127
45.1642563782819
45.1784345452511
45.1926127122202
45.2067908791894
45.2209690461586
45.2351472131277
45.2493253800969
45.263503547066
45.2776817140352
45.2918598810044
45.3060380479735
45.3202162149427
45.3343943819119
45.3627507158502
45.3769288828193
45.4052852167577
45.433641550696
45.4478197176652
45.4761760516035
45.4903542185726
45.5045323855418
45.518710552511
45.5328887194801
45.5416396355917
45.5558178025608
45.56999596953
45.5841741364991
45.7117776392216
45.8841033718794
45.9811628116357
45.9953409786049
46.009519145574
46.0236973125432
46.0378754795123
46.0520536464815
46.0662318134507
46.0804099804198
46.094588147389
46.1087663143581
46.1229444813273
46.1371226482965
46.1513008152656
46.1654789822348
46.179657149204
46.1938353161731
46.2080134831423
46.2221916501114
46.230942566223
46.2451207331921
46.2592989001613
46.2734770671305
46.3018334010688
46.316011568038
46.3301897350071
46.3443679019763
46.3585460689454
46.3727242359146
46.3869024028838
46.4152587368221
46.4294369037912
46.4577932377296
46.4719714046987
46.4861495716679
46.5003277386371
46.5145059056062
46.5286840725754
46.5428622395445
46.5570404065137
46.5712185734829
46.585396740452
46.5995749074212
46.6137530743904
46.6279312413595
46.6421094083287
46.6562875752978
46.670465742267
46.6846439092362
46.7130002431745
46.7413565771128
46.755534744082
46.7697129110511
46.7980692449895
46.8122474119586
46.8264255789278
46.840603745897
46.8547819128661
46.8689600798353
46.8831382468044
46.8973164137736
46.9202454968543
46.9344236638235
46.9486018307926
46.9627799977618
46.9911363317001
47.0053144986693
47.0194926656384
47.0336708326076
47.0478489995768
47.0620271665459
47.0762053335151
47.0903835004842
47.1045616674534
47.1187398344226
47.1329180013917
47.1470961683609
47.1612743353301
47.1754525022992
47.1896306692684
47.2038088362375
47.2179870032067
47.2321651701759
47.2605215041142
47.2888778380525
47.3030560050217
47.3172341719908
47.3455905059292
47.3597686728983
47.3739468398675
47.3881250068367
47.4023031738058
47.416481340775
47.4306595077441
47.4448376747133
47.4590158416825
47.4731940086516
47.4873721756208
47.50155034259
47.5157285095591
47.5299066765283
47.5440848434974
47.5582630104666
47.5724411774358
47.5866193444049
47.6007975113741
47.6095484274856
47.6237265944548
47.6379047614239
47.6662610953623
47.6804392623314
47.7087955962698
47.7229737632389
47.7371519302081
47.7513300971772
47.7655082641464
47.7796864311156
47.7938645980847
47.8222209320231
47.8363990989922
47.8647554329305
47.8789335998997
47.8931117668689
47.907289933838
47.9356462677763
47.9498244347455
47.9640026017147
47.992358935653
48.0065371026222
48.0348934365605
48.0490716035296
48.077427937468
48.0916061044371
48.1199624383755
48.1341406053446
48.1624969392829
48.1908532732213
48.2050314401904
48.2192096071596
48.2475659410979
48.2617441080671
48.2759222750362
48.2901004420054
48.2988513581169
48.3130295250861
48.3272076920553
48.3413858590244
48.3697421929627
48.3839203599319
48.4122766938702
48.4264548608394
48.4406330278086
48.4548111947777
48.483167528716
48.4973456956852
48.5115238626544
48.5257020296235
48.5398801965927
48.5540583635619
48.568236530531
48.5965928644693
48.6107710314385
48.6391273653768
48.653305532346
48.6674836993152
48.6816618662843
48.6958400332535
48.7241963671918
48.738374534161
48.7667308680993
48.7809090350685
48.8092653690068
48.8234435359759
48.8376217029451
48.8517998699143
48.8659780368834
48.8943343708218
48.9085125377909
48.9226907047601
48.9368688717292
48.9510470386984
48.9794033726367
48.9881542887483
49.0023324557174
49.0165106226866
49.0306887896557
49.0590451235941
49.0732232905632
49.1015796245016
49.1157577914707
49.144114125409
49.1724704593474
49.1866486263165
49.2150049602549
49.229183127224
49.2575394611623
49.2717176281315
49.2858957951007
49.3000739620698
49.314252129039
49.3284302960082
49.3426084629773
49.3567866299465
49.3709647969156
49.3851429638848
49.399321130854
49.4134992978231
49.4276774647923
49.4418556317614
49.4560337987306
49.4702119656998
49.4843901326689
49.4985682996381
49.5127464666073
49.5269246335764
49.5411028005456
49.5552809675147
49.5694591344839
49.5836373014531
49.5978154684222
49.6119936353914
49.6261718023606
49.6403499693297
49.6545281362989
49.668706303268
49.6774572193796
49.6916353863487
49.7058135533179
49.7199917202871
49.7483480542254
49.7625262211946
49.7767043881637
49.7908825551329
49.805060722102
49.9773864547599
50.1497121874177
50.2729402320844
50.2871183990536
50.3012965660227
50.3154747329919
50.329652899961
50.3438310669302
50.3580092338994
50.3667601500109
50.3809383169801
50.3951164839492
50.4092946509184
50.4376509848567
50.4518291518259
50.4801854857642
50.4943636527334
50.5085418197025
50.5227199866717
50.55107632061
50.5652544875792
50.5936108215175
50.6077889884867
50.6219671554558
50.636145322425
50.6503234893941
50.6786798233325
50.6928579903016
50.72121432424
50.7353924912091
50.7495706581783
50.7637488251474
50.7779269921166
50.8062833260549
50.8204614930241
50.8346396599933
50.8488178269624
50.8771741609007
50.8913523278699
50.9055304948391
50.9197086618082
50.9338868287774
50.9480649957465
50.9764213296849
50.990599496654
51.0189558305924
51.0331339975615
51.0473121645307
51.0560630806422
51.0702412476114
51.0844194145805
51.0985975815497
51.126953915488
51.1411320824572
51.1694884163955
51.1836665833647
51.1978447503338
51.212022917303
51.2403792512413
51.2687355851796
51.2829137521488
51.297091919118
51.3112700860871
51.3396264200255
51.3538045869946
51.382160920933
51.4105172548713
51.4246954218404
51.4388735888096
51.4530517557788
51.4814080897171
51.5097644236554
51.5239425906246
51.5381207575937
51.5522989245629
51.5664770915321
51.5948334254704
51.6231897594087
51.7082587612237
51.7453660112735
51.7595441782427
51.7737223452119
51.787900512181
51.8020786791502
51.8162568461193
51.8304350130885
51.8587913470268
51.872969513996
51.8871476809652
51.9013258479343
51.9155040149035
51.9438603488418
51.958038515811
51.9722166827801
51.9863948497493
52.0005730167185
52.0289293506568
52.0431075176259
52.0572856845951
52.0714638515643
52.0998201855026
52.1139983524718
52.1281765194409
52.1423546864101
52.1707110203484
52.1848891873176
52.1990673542867
52.2274236882251
52.2416018551942
52.2557800221634
52.2699581891325
52.2841363561017
52.2983145230709
52.3266708570092
52.3408490239784
52.3550271909475
52.3692053579167
52.3833835248858
52.397561691855
52.4117398588242
52.4259180257933
52.4400961927625
52.4542743597316
52.4684525267008
52.4968088606391
52.5109870276083
52.5251651945775
52.5393433615466
52.5535215285158
52.5676996954849
52.5818778624541
52.5960560294233
52.6102341963924
52.6244123633616
52.6385905303308
52.6527686972999
52.6669468642691
52.6811250312383
52.6953031982074
52.7094813651766
52.7236595321457
52.7378376991149
52.7661940330532
52.7803722000224
52.7945503669915
52.8087285339607
52.8229067009299
52.837084867899
52.8654412018374
52.8796193688065
52.9079757027448
52.922153869714
52.9363320366832
52.9505102036523
52.9646883706215
52.9788665375907
52.9930447045598
53.0214010384981
53.0355792054673
53.0497573724365
53.0639355394056
53.0781137063748
53.092291873344
53.1064700403131
53.1206482072823
53.1348263742514
53.1490045412206
53.1631827081898
53.1773608751589
53.1915390421281
53.2057172090972
53.2340735430356
53.2482517100047
53.2624298769739
53.2766080439431
53.2907862109122
53.3049643778814
53.3191425448505
53.3333207118197
53.3474988787889
53.361677045758
53.3758552127272
53.3900333796964
53.4042115466655
53.4183897136347
53.4325678806038
53.446746047573
53.4609242145422
53.4751023815113
53.4892805484805
53.5034587154497
53.531815049388
53.5459932163571
53.5743495502955
53.5885277172646
53.6027058842338
53.616884051203
53.6310622181721
53.6452403851413
53.6594185521104
53.6735967190796
53.6877748860488
53.7019530530179
53.7161312199871
53.7303093869563
53.7444875539254
53.7728438878637
53.7870220548329
53.8012002218021
53.8153783887712
53.8295565557404
53.8437347227096
53.8579128896787
53.8720910566479
53.886269223617
53.9004473905862
53.9146255575554
53.9429818914937
53.9571600584628
53.971338225432
53.9855163924012
54.0138727263395
54.0280508933087
54.0422290602778
54.056407227247
54.0705853942162
54.0989417281545
54.1272980620928
54.141476229062
54.1556543960311
54.1698325630003
54.1840107299694
54.1981888969386
54.2123670639078
54.2265452308769
54.2407233978461
54.2549015648153
54.2690797317844
54.2832578987536
54.2974360657227
54.3257923996611
54.3399705666302
54.3541487335994
54.3683269005686
54.3825050675377
54.3966832345069
54.410861401476
54.4250395684452
54.4392177354144
54.4533959023835
54.4675740693527
54.495930403291
54.5101085702602
54.5242867372293
54.5384649041985
54.5526430711677
54.5668212381368
54.580999405106
54.5951775720752
54.6235339060135
54.6377120729826
54.6518902399518
54.666068406921
54.6802465738901
54.6944247408593
54.7086029078284
54.7227810747976
54.7511374087359
54.7653155757051
54.7794937426743
54.7936719096434
54.8078500766126
54.8362064105509
54.8645627444892
54.8787409114584
54.8929190784276
54.9070972453967
54.9212754123659
54.935453579335
54.9496317463042
54.9638099132734
54.9779880802425
55.0063444141809
55.02052258115
55.0488789150884
55.0630570820575
55.0772352490267
55.0914134159958
55.105591582965
55.1197697499342
55.1339479169033
55.1481260838725
55.1623042508416
55.1764824178108
55.2048387517491
55.2331950856875
55.2473732526566
55.2757295865949
55.2899077535641
55.3040859205333
55.3182640875024
55.3324422544716
55.3466204214408
55.3607985884099
55.3749767553791
55.3891549223482
55.4033330893174
55.4175112562866
55.4316894232557
55.4458675902249
55.4742239241632
55.4884020911324
55.5025802581015
55.5167584250707
55.545114759009
55.5592929259782
55.5876492599165
55.6018274268857
55.6160055938548
55.630183760824
55.6585400947623
55.6727182617315
55.6868964287006
55.7010745956698
55.7294309296081
55.7436090965773
55.7577872635465
55.7719654305156
55.7861435974848
55.8003217644539
55.8144999314231
55.8428562653614
55.8570344323306
55.8712125992998
55.8995689332381
55.9137471002072
55.9279252671764
55.9421034341456
55.9562816011147
55.9704597680839
55.9988161020222
56.0129942689914
56.0413506029297
56.0555287698989
56.0838851038372
56.0980632708063
56.1122414377755
56.1405977717138
56.154775938683
56.1689541056522
56.1831322726213
56.1973104395905
56.2114886065597
56.2540231074671
56.2682012744363
56.2965576083746
56.3107357753438
56.3249139423129
56.3390921092821
56.3532702762513
56.3674484432204
56.3816266101896
56.3958047771588
56.4099829441279
56.4950519459429
56.5092301129121
56.5234082798812
56.5375864468504
56.5659427807887
56.5704865256928
56.5846646926619
56.5988428596311
56.6130210266003
56.6271991935694
56.6413773605386
56.6555555275078
56.6697336944769
56.6839118614461
56.7122681953844
56.7406245293227
56.7548026962919
56.768980863261
56.7831590302302
56.7973371971994
56.8256935311377
56.8398716981069
56.854049865076
56.8682280320452
56.8824061990143
56.8965843659835
56.9107625329527
56.9249406999218
56.939118866891
56.9532970338602
56.9816533677985
56.9958315347676
57.0100097017368
57.024187868706
57.0383660356751
57.0525442026443
57.0667223696135
57.0950787035518
57.1092568705209
57.1234350374901
57.1376132044593
57.1517913714284
57.1659695383976
57.1801477053668
57.1943258723359
57.2085040393051
57.2226822062742
57.2510385402126
57.2597894563241
57.2739676232933
57.2881457902624
57.3023239572316
57.3165021242007
57.3306802911699
57.3448584581391
57.3732147920774
57.3873929590466
57.4015711260157
57.4157492929849
57.429927459954
57.4724619608615
57.4866401278307
57.5291746287382
57.701500361396
57.8410943020597
57.8552724690289
57.8694506359981
57.8836288029672
57.9119851369055
57.9261633038747
57.9490923869554
57.9632705539246
57.9774487208937
57.9916268878629
58.0058050548321
58.0199832218012
58.0341613887704
58.0483395557395
58.090874056647
58.1050522236162
58.1192303905854
58.1334085575545
58.1475867245237
58.175943058462
58.1901212254312
58.2042993924003
58.2184775593695
58.2326557263387
58.2468338933078
58.261012060277
58.2751902272461
58.2893683942153
58.3035465611845
58.3177247281536
58.3319028951228
58.346081062092
58.3602592290611
58.3744373960303
58.3886155629994
58.4027937299686
58.4169718969378
58.4311500639069
58.4453282308761
58.4595063978453
58.4736845648144
58.4878627317836
58.5020408987527
58.5162190657219
58.5303972326911
58.5445753996602
58.5587535666294
58.5729317335986
58.5871099005677
58.6012880675369
58.6296444014752
58.6438225684444
58.6580007354135
58.6721789023827
58.6863570693518
58.7147134032902
58.7288915702593
58.7430697372285
58.7572479041977
58.7714260711668
58.785604238136
58.7997824051051
58.8139605720743
58.8281387390435
58.8564950729818
58.870673239951
58.8848514069201
58.9132077408585
58.9273859078276
58.9415640747968
58.9557422417659
58.9699204087351
58.9840985757043
58.9982767426734
59.0124549096426
59.0266330766117
59.0549894105501
59.0691675775192
59.2414933101771
59.2676619150875
59.2818400820567
59.2960182490258
59.310196415995
59.3243745829642
59.3385527499333
59.3527309169025
59.3669090838716
59.3810872508408
59.39526541781
59.4094435847791
59.4236217517483
59.4377999187174
59.4519780856866
59.4661562526558
59.5937597553782
59.6079379223474
59.6221160893166
59.6362942562857
59.6504724232549
59.664650590224
59.6788287571932
59.6930069241624
59.7071850911315
59.7355414250699
59.749719592039
59.7638977590082
59.7780759259773
59.7922540929465
59.8064322599157
59.8206104268848
59.834788593854
59.8489667608232
59.8773230947615
59.8915012617306
59.9056794286998
59.9340357626381
59.9482139296073
59.9623920965765
59.9765702635456
59.9907484305148
60.0049265974839
60.0191047644531
60.0332829314223
60.0474610983914
60.0616392653606
60.0758174323298
60.0899955992989
60.1041737662681
60.1183519332372
60.1325301002064
60.1467082671756
60.1608864341447
60.1750646011139
60.189242768083
60.2034209350522
60.2175991020214
60.2317772689905
60.2459554359597
60.2601336029289
60.274311769898
60.2884899368672
60.3026681038364
60.3168462708055
60.3310244377747
60.3452026047438
60.359380771713
60.3735589386822
60.3877371056513
60.4019152726205
60.4160934395896
60.4302716065588
60.444449773528
60.4586279404971
60.4728061074663
60.4869842744355
60.5011624414046
60.5153406083738
60.529518775343
60.5436969423121
60.5578751092813
60.5720532762504
60.5862314432196
60.6004096101888
60.6145877771579
60.6287659441271
60.6429441110962
60.6571222780654
60.6713004450346
60.6854786120037
60.6996567789729
60.7138349459421
60.7280131129112
60.7421912798804
60.7563694468495
60.7705476138187
60.7847257807879
60.798903947757
60.8130821147262
60.8414384486645
60.8556166156337
60.8697947826028
60.883972949572
60.8981511165412
60.9123292835103
60.9265074504795
60.9406856174487
60.9548637844178
60.969041951387
60.9832201183561
60.9973982853253
61.0115764522945
61.0257546192636
61.0399327862328
61.054110953202
61.0682891201711
61.0824672871403
61.0966454541094
61.1108236210786
61.1250017880478
61.1391799550169
61.1533581219861
61.1675362889552
61.1817144559244
61.1958926228936
61.2100707898627
61.2242489568319
61.2526052907702
61.2667834577394
61.2809616247086
61.2951397916777
61.323496125616
61.3376742925852
61.3518524595544
61.3660306265235
61.3802087934927
61.3943869604618
61.408565127431
61.4369214613693
61.4510996283385
61.4652777953077
61.4794559622768
61.493634129246
61.5078122962151
61.5219904631843
61.5361686301535
61.5503467971226
61.5645249640918
61.6070594649993
61.6212376319684
61.6354157989376
61.6495939659068
61.6779502998451
61.6921284668143
61.7063066337834
61.7204848007526
61.7346629677217
61.7630193016601
61.7771974686292
61.7913756355984
61.8055538025675
61.8197319695367
61.8339101365059
61.8622664704442
61.8764446374134
61.9048009713517
61.9189791383209
61.93315730529
61.9615136392283
61.9756918061975
61.9898699731667
62.0040481401358
62.0324044740742
62.0465826410433
62.0607608080125
62.0749389749816
62.0891171419508
62.10329530892
62.1174734758891
62.1316516428583
62.1458298098274
62.1600079767966
62.1741861437658
62.2025424777041
62.2167206446733
62.2308988116424
62.2450769786116
62.2592551455808
62.2734333125499
62.2876114795191
62.3017896464882
62.3159678134574
62.3301459804266
62.3443241473957
62.3585023143649
62.372680481334
62.3868586483032
62.4010368152724
62.4293931492107
62.4435713161799
62.457749483149
62.4719276501182
62.4861058170873
62.5002839840565
62.5286403179948
62.542818484964
62.5569966519331
62.5711748189023
62.5853529858715
62.6137093198098
62.627887486779
62.6562438207173
62.6704219876865
62.6846001546556
62.6987783216248
62.7129564885939
62.7271346555631
62.7413128225323
62.7696691564706
62.7838473234397
62.8689163252547
62.8830944922239
62.897272659193
62.9114508261622
62.9256289931314
62.9398071601005
62.9681634940389
62.982341661008
62.9965198279772
63.0106979949463
63.0248761619155
63.0390543288847
63.0532324958538
63.067410662823
63.0815888297922
63.0957669967613
63.1099451637305
63.1241233306996
63.1383014976688
63.1666578316071
63.1808359985763
63.2091923325146
63.2233704994838
63.2375486664529
63.2517268334221
63.2800831673604
63.2942613343296
63.3226176682679
63.3367958352371
63.3509740022062
63.3651521691754
63.3793303361446
63.3935085031137
63.4218648370521
63.4360430040212
63.4502211709904
63.4643993379595
63.4927556718979
63.506933838867
63.5352901728053
63.5494683397745
63.5636465067437
63.5778246737128
63.592002840682
63.6061810076512
63.6345373415895
63.6487155085587
63.677071842497
63.6912500094661
63.7054281764353
63.7196063434045
63.7479626773428
63.7621408443119
63.7904971782503
63.8046753452194
63.8188535121886
63.8330316791578
63.8472098461269
63.8613880130961
63.8755661800652
63.9039225140036
63.9181006809727
63.9322788479419
63.9464570149111
63.9606351818802
63.9889915158185
64.0031696827877
64.0173478497569
64.031526016726
64.0598823506644
64.0740605176335
64.0882386846027
64.1024168515718
64.1307731855102
64.1449513524793
64.1591295194485
64.1733076864177
64.1874858533868
64.201664020356
64.2300203542943
64.2441985212635
64.2725548552018
64.2867330221709
64.3150893561093
64.3292675230784
64.3434456900476
64.3576238570168
64.3859801909551
64.4143365248934
64.4285146918626
64.4568710258009
64.4710491927701
64.4852273597392
64.4994055267084
64.5277618606467
64.5419400276159
64.5702963615542
64.5986526954925
64.6128308624617
64.6270090294309
64.6553653633692
64.6695435303383
64.6978998642766
64.7120780312458
64.7404343651841
64.7546125321533
64.7829688660916
64.7971470330608
64.81132520003
64.8255033669991
64.8396815339683
64.8538597009374
64.8680378679066
64.8822160348758
64.8963942018449
64.9105723688141
64.9247505357832
64.9389287027524
64.9531068697216
64.9814632036599
64.9956413706291
65.0239977045674
65.0381758715366
65.0523540385057
65.080710372444
65.0948885394132
65.1090667063824
65.1232448733515
65.1374230403207
65.1516012072898
65.165779374259
65.1799575412282
65.1941357081973
65.2083138751665
65.2224920421357
65.2366702091048
65.250848376074
65.2650265430431
65.2792047100123
65.2933828769815
65.3075610439506
65.3217392109198
65.335917377889
65.3500955448581
65.3642737118273
65.3784518787965
65.3926300457656
65.4068082127348
65.4209863797039
65.4351645466731
65.4493427136423
65.4635208806114
65.4776990475806
65.4918772145497
65.5060553815189
65.5202335484881
65.5344117154572
65.5485898824264
65.5627680493956
65.5769462163647
65.5911243833339
65.6053025503031
65.6194807172722
65.6336588842414
65.6478370512105
65.6620152181797
65.6761933851488
65.690371552118
65.7045497190872
65.7329060530255
65.7470842199947
65.775440553933
65.7896187209022
65.8037968878713
65.8321532218096
65.860509555748
65.8746877227171
65.8888658896863
65.9172222236246
65.9314003905938
65.9455785575629
65.9597567245321
65.9739348915013
65.9881130584704
66.0022912254396
66.0306475593779
66.0448257263471
66.0590038933162
66.0731820602854
66.0873602272545
66.1015383942237
66.129894728162
66.1440728951312
66.1582510621004
66.1724292290695
66.1866073960387
66.2007855630079
66.2291418969462
66.2433200639153
66.2574982308845
66.2716763978537
66.2858545648228
66.300032731792
66.3142108987612
66.3425672326995
66.3567453996687
66.3709235666378
66.385101733607
66.3992799005761
66.4134580675453
66.4276362345145
66.4418144014836
66.4559925684528
66.4701707354219
66.4843489023911
66.4985270693603
66.5127052363294
66.5410615702678
66.5552397372369
66.5694179042061
66.5835960711753
66.6119524051136
66.6261305720827
66.6403087390519
66.654486906021
66.6828432399594
66.6970214069285
66.7111995738977
66.7253777408669
66.739555907836
66.7537340748052
66.7679122417744
66.7820904087435
66.7962685757127
66.824624909651
66.8388030766202
66.8529812435893
66.8671594105585
66.8813375775276
66.909693911466
66.9238720784351
66.9380502454043
66.9522284123735
66.9664065793426
66.994762913281
67.0089410802501
67.0231192472193
67.0372974141884
67.0514755811576
67.0656537481267
67.0798319150959
67.1081882490342
67.1223664160034
67.1365445829726
67.1507227499417
67.1790790838801
67.2074354178184
67.2216135847875
67.2499699187259
67.264148085695
67.2783262526642
67.2925044196334
67.3066825866025
67.3208607535717
67.3350389205408
67.3633952544792
67.3775734214483
67.3917515884175
67.4059297553867
67.4201079223558
67.434286089325
67.4484642562941
67.4768205902325
67.5051769241708
67.51935509114
67.5335332581091
67.5618895920474
67.5760677590166
67.6044240929549
67.6327804268932
67.6753149278007
67.6894930947699
67.7036712617391
67.7178494287082
67.7320275956774
67.7462057626466
67.7745620965849
67.788740263554
67.8029184305232
67.8170965974924
67.8312747644615
67.8454529314307
67.8596310983998
67.873809265369
67.8879874323382
67.9021655993073
67.9163437662765
67.9447001002148
67.958878267184
67.9872346011223
68.0014127680915
68.0297691020298
68.0439472689989
68.0581254359681
68.0723036029373
68.0864817699064
68.1006599368756
68.1148381038448
68.1290162708139
68.1431944377831
68.1573726047523
68.1715507717214
68.1857289386906
68.1999071056597
68.2086580217713
68.2228361887404
68.2370143557096
68.2511925226788
68.2653706896479
68.2795488566171
68.2937270235862
68.3079051905554
68.3362615244937
68.3504396914629
68.3646178584321
68.3787960254012
68.3929741923704
68.4071523593395
68.4355086932779
68.4638650272162
68.4780431941854
68.4922213611545
68.5063995281237
68.534755862062
68.5489340290312
68.5772903629695
68.6056466969078
68.619824863877
68.6340030308461
68.6623593647845
68.6765375317536
68.704893865692
68.7190720326611
68.7474283665994
68.7616065335686
68.7899628675069
68.8041410344761
68.8183192014452
68.8324973684144
68.8466755353836
68.8608537023527
68.8892100362911
68.8979609524026
68.9121391193717
68.9263172863409
68.9404954533101
68.9546736202792
68.9688517872484
68.9830299542176
68.9972081211867
69.0113862881559
69.0397426220942
69.0539207890634
69.0680989560325
69.0822771230017
69.2546028556595
69.4269285883174
69.4367312972308
69.4509094641999
69.4650876311691
69.4792657981382
69.4934439651074
69.5218002990457
69.5359784660149
69.5643347999532
69.5785129669224
69.5872638830339
69.6014420500031
69.6156202169722
69.6297983839414
69.6439765509106
69.6723328848489
69.686511051818
69.7148673857564
69.7290455527255
69.7432237196947
69.771580053633
69.7857582206022
69.8141145545405
69.8424708884788
69.856649055448
69.8708272224171
69.8850053893863
69.9133617233246
69.941718057263
69.9558962242321
69.9700743912013
69.9842525581705
70.0126088921088
70.0409652260471
70.0551433930163
70.0693215599854
70.0834997269546
70.1118560608929
70.1402123948312
70.1543905618004
70.1685687287696
70.1827468957387
70.1969250627079
70.2252813966462
70.2394595636154
70.2536377305845
70.2678158975537
70.2765668136652
70.2907449806344
70.3049231476035
70.3191013145727
70.347457648511
70.3616358154802
70.3899921494185
70.4041703163877
70.4183484833569
70.432526650326
70.4467048172952
70.4608829842643
70.4750611512335
70.4892393182027
70.5034174851718
70.517595652141
70.5317738191102
70.5459519860793
70.5601301530485
70.5743083200176
70.5884864869868
70.602664653956
70.6168428209251
70.6451991548634
70.6593773218326
70.6877336557709
70.7019118227401
70.7160899897093
70.7302681566784
70.7444463236476
70.7586244906168
70.7728026575859
70.7869808245551
70.8011589915242
70.8295153254626
70.8578716594009
70.87204982637
70.8862279933392
70.9004061603084
70.9287624942467
70.9429406612159
70.957118828185
70.9658697442966
70.9800479112657
71.008404245204
71.0367605791424
71.0509387461115
71.0651169130807
71.093473247019
71.1076514139882
71.1218295809573
71.1501859148957
71.1643640818648
71.178542248834
71.1927204158032
71.2210767497415
71.2352549167106
71.2494330836798
71.263611250649
71.2777894176181
71.2919675845873
71.3061457515564
71.3345020854948
71.3628584194331
71.3770365864023
71.3912147533714
71.4195710873097
71.4337492542789
71.4621055882172
71.4762837551864
71.5046400891247
71.5188182560939
71.5471745900322
71.5613527570014
71.5755309239705
71.5897090909397
71.618065424878
71.6464217588163
71.6551726749279
71.669350841897
71.6835290088662
71.6977071758354
71.7118853428045
71.7260635097737
71.7402416767428
71.754419843712
71.7685980106812
71.7827761776503
71.7969543446195
71.8111325115887
71.8253106785578
71.839488845527
71.8536670124961
71.8678451794653
71.8820233464345
71.8962015134036
71.9103796803728
71.924557847342
71.9387360143111
71.9529141812803
71.9670923482494
71.9812705152186
71.9954486821878
72.0096268491569
72.0238050161261
72.0379831830952
72.0521613500644
72.0805176840027
72.0946958509719
72.1088740179411
72.1230521849102
72.1372303518794
72.1514085188485
72.1655866858177
72.1797648527869
72.193943019756
72.2081211867252
72.2222993536944
72.2364775206635
72.2506556876327
72.2648338546018
72.279012021571
72.2931901885402
72.3073683555093
72.3357246894477
72.3444756055592
72.3586537725283
72.3728319394975
72.3870101064667
72.415366440405
72.4295446073742
72.4437227743433
72.4579009413125
72.4720791082816
72.4862572752508
72.50043544222
72.5287917761583
72.5429699431275
72.5713262770658
72.5855044440349
72.5996826110041
72.6138607779733
72.6280389449424
72.6422171119116
72.6847516128191
72.6989297797882
72.7131079467574
72.7414642806957
72.7556424476649
72.7698206146341
72.7839987816032
72.7981769485724
72.8123551155415
72.8265332825107
72.8407114494799
72.854889616449
72.8690677834182
72.8832459503873
72.9116022843257
72.9257804512948
72.939958618264
72.9541367852332
72.9824931191715
72.9966712861407
73.0108494531098
73.025027620079
73.0337785361905
73.0479567031597
73.0621348701288
73.076313037098
73.1046693710363
73.1188475380055
73.1472038719438
73.161382038913
73.1755602058821
73.1897383728513
73.2180947067896
73.2322728737588
73.2464510407279
73.2606292076971
73.2748073746663
73.3031637086046
73.3315200425429
73.3456982095121
73.3598763764812
73.3882327104196
73.4024108773887
73.4165890443579
73.4307672113271
73.4449453782962
73.4733017122345
73.4874798792037
73.515836213142
73.5300143801112
73.5583707140495
73.5725488810187
73.5867270479878
73.6150833819262
73.6292615488953
73.6434397158645
73.6576178828336
73.685974216772
73.7001523837411
73.7143305507103
73.7230814668218
73.737259633791
73.7514378007602
73.7656159677293
73.7939723016676
73.8081504686368
73.8365068025751
73.8506849695443
73.8648631365134
73.8790413034826
73.8932194704518
73.9073976374209
73.9215758043901
73.9357539713593
73.9641103052976
73.9782884722668
74.0066448062051
74.0208229731742
74.0350011401434
74.0633574740817
74.0775356410509
74.1058919749892
74.1200701419584
74.1484264758967
74.1626046428659
74.176782809835
74.1909609768042
74.2051391437734
74.2193173107425
74.2334954777117
74.2476736446808
74.26185181165
74.2760299786191
74.2902081455883
74.3043863125575
74.3185644795266
74.346920813465
74.3610989804341
74.3752771474033
74.3894553143725
74.4036334813416
74.4123843974532
74.4265625644223
74.4407407313915
74.4549188983606
74.4690970653298
74.483275232299
74.4974533992681
74.5116315662373
74.5258097332064
74.5399879001756
74.5541660671448
74.5683442341139
74.5825224010831
74.5967005680523
74.6108787350214
74.6250569019906
74.6392350689597
74.6534132359289
74.6675914028981
74.6817695698672
74.6959477368364
74.7101259038056
74.7243040707747
74.7384822377439
74.752660404713
74.7668385716822
74.7810167386514
74.7951949056205
74.8093730725897
74.8235512395589
74.837729406528
74.8519075734972
74.8660857404663
74.8802639074355
74.8944420744047
74.922798408343
74.9369765753122
74.9511547422813
74.9653329092505
74.9795110762196
74.9936892431888
75.007867410158
75.0220455771271
75.0504019110654
75.0787582450038
75.0929364119729
75.1016873280845
75.1158654950536
75.1300436620228
75.1583999959611
75.1867563298994
75.2009344968686
75.2151126638378
75.2434689977761
75.2576471647453
75.2860034986836
75.3143598326219
75.3285379995911
75.3427161665602
75.3568943335294
75.3710725004985
75.3852506674677
75.3994288344369
75.4277851683752
75.4419633353444
75.4561415023135
75.4844978362518
75.498676003221
75.5128541701902
75.5270323371593
75.5412105041285
75.5553886710977
75.7277144037555
75.7822393426043
75.7909902587158
75.8051684256849
75.8193465926541
75.8335247596233
75.8477029265924
75.8618810935616
75.8760592605308
75.8902374274999
75.9044155944691
75.9185937614382
75.9327719284074
75.9469500953766
75.9611282623457
75.9753064293149
75.9894845962841
76.0036627632532
76.0178409302224
76.0320190971916
76.0461972641607
76.0603754311299
76.074553598099
76.0887317650682
76.1029099320373
76.1170880990065
76.1312662659757
76.1454444329448
76.159622599914
76.1738007668832
76.1879789338523
76.2021571008215
76.2163352677907
76.2305134347598
76.244691601729
76.2588697686981
76.2730479356673
76.2872261026365
76.3014042696056
76.3155824365748
76.3297606035439
76.3439387705131
76.3581169374823
76.3722951044514
76.3864732714206
76.4006514383898
76.4148296053589
76.4431859392973
76.4573641062664
76.4715422732356
76.4802931893471
76.4944713563163
76.5086495232854
76.5228276902546
76.5370058572237
76.5511840241929
76.5653621911621
76.5937185251004
76.6078966920696
76.6362530260079
76.6504311929771
76.6787875269154
76.6929656938845
76.7213220278229
76.735500194792
76.7638565287304
76.7780346956995
76.8063910296378
76.820569196607
76.8489255305453
76.8631036975145
76.8914600314528
76.9339945323603
76.9481726993295
76.9623508662986
76.990707200237
77.0048853672061
77.0190635341753
77.0332417011444
77.0474198681136
77.0615980350828
77.0757762020519
77.0899543690211
77.1041325359902
77.1183107029594
77.1466670368977
77.1608452038669
77.1695961199784
77.1837742869476
77.1979524539168
77.2121306208859
77.2263087878551
77.2404869548242
77.2546651217934
77.2688432887626
77.2830214557317
77.2971996227009
77.3255559566392
77.3539122905775
77.3680904575467
77.396446791485
77.4106249584542
77.4248031254234
77.4389812923925
77.4531594593617
77.4673376263308
77.4815157933
77.4956939602692
77.5098721272383
77.5240502942075
77.5382284611766
77.5524066281458
77.566584795115
77.5949411290533
77.6091192960225
77.6374756299608
77.6658319638991
77.6800101308683
77.7083664648066
77.7225446317758
77.7367227987449
77.7509009657141
77.7792572996524
77.7934354666216
77.8076136335907
77.8217918005599
77.8359699675291
77.8501481344982
77.8588990506097
77.8730772175789
77.8872553845481
77.9014335515172
77.9297898854556
77.9439680524247
77.972324386363
77.9865025533322
78.0148588872705
78.0290370542397
78.057393388178
78.0715715551472
78.0999278890855
78.1141060560547
78.142462389993
78.1566405569622
78.1708187239313
78.1991750578696
78.227531391808
78.2417095587771
78.2558877257463
78.2700658927155
78.2842440596846
78.2984222266538
78.3126003936229
78.3267785605921
78.3409567275613
78.3551348945304
78.3693130614996
78.3834912284688
78.3976693954379
78.4118475624071
78.4260257293762
78.4402038963454
78.4543820633146
78.4685602302837
78.4827383972529
78.496916564222
78.5110947311912
78.5252728981604
78.5482019812411
78.5623801482102
78.5907364821485
78.6190928160869
78.633270983056
78.6474491500252
78.6616273169944
78.6899836509327
78.7041618179018
78.718339984871
78.7466963188093
78.7608744857785
78.7750526527477
78.7892308197168
78.803408986686
78.8175871536551
78.8317653206243
78.8459434875935
78.8601216545626
78.8742998215318
78.888477988501
78.9026561554701
78.9168343224393
78.9310124894084
78.9451906563776
78.9735469903159
78.9877251572851
79.0019033242543
79.0160814912234
79.0302596581926
79.0586159921309
79.0727941591001
79.1011504930384
79.1153286600075
79.1436849939459
79.1720413278842
79.1862194948534
79.2145758287917
79.2287539957609
79.2375049118724
79.2516830788416
79.2658612458107
79.2800394127799
79.3083957467182
79.3225739136874
79.3509302476257
79.3651084145948
79.379286581564
79.3934647485332
79.4218210824715
79.4359992494407
79.4501774164098
79.4785337503481
79.4927119173173
79.5068900842865
79.5210682512556
79.5494245851939
79.5777809191323
79.5919590861014
79.6061372530706
79.6203154200398
79.6344935870089
79.6486717539781
79.6628499209473
79.6912062548856
79.7195625888239
79.7337407557931
79.7620970897314
79.7762752567005
79.8046315906389
79.8329879245772
79.8471660915464
79.8755224254847
79.8897005924538
79.903878759423
79.9180569263922
79.9268078425037
79.9409860094729
79.955164176442
79.9693423434112
79.9976986773495
80.0118768443187
80.040233178257
80.0544113452262
80.0685895121953
80.0827676791645
80.1111240131028
80.125302180072
80.1394803470411
80.1536585140103
80.1678366809795
80.1961930149178
80.210371181887
80.2387275158253
80.2670838497636
80.2812620167328
80.2954401837019
80.3096183506711
80.3237965176402
80.3379746846094
80.3663310185477
80.3946873524861
80.4088655194552
80.4230436864244
80.4372218533936
80.4514000203627
80.479756354301
80.4939345212702
80.5222908552085
80.5364690221777
80.5506471891468
80.564825356116
80.5790035230852
80.5931816900543
80.6073598570235
80.616110773135
80.6302889401042
80.6444671070734
80.6586452740425
80.6728234410117
80.6870016079808
80.70117977495
80.7295361088883
80.7437142758575
80.7720706097958
80.8004269437341
80.8146051107033
80.8287832776725
80.8429614446416
80.8713177785799
80.8996741125183
80.9138522794874
80.9280304464566
80.9422086134258
80.9563867803949
80.9705649473641
80.9847431143332
80.9989212813024
81.0130994482716
81.0414557822099
81.0556339491791
81.0839902831174
81.0981684500865
81.1123466170557
81.140702950994
81.1548811179632
81.1690592849324
81.1974156188707
81.2115937858398
81.225771952809
81.2541282867473
81.2683064537165
81.2824846206857
81.2966627876548
81.3054137037663
81.3195918707355
81.3337700377047
81.3479482046738
81.5202739373317
81.6925996699895
81.8649254026473
81.9859657182861
81.9947166343977
82.0088948013668
82.023072968336
82.0372511353051
82.0514293022743
82.0797856362126
82.0939638031818
82.108141970151
82.1223201371201
82.1506764710584
82.1648546380276
82.1790328049968
82.1932109719659
82.2073891389351
82.2215673059043
82.2357454728734
82.2499236398426
82.2641018068118
82.2782799737809
82.2924581407501
82.3066363077192
82.3208144746884
82.3349926416575
82.3491708086267
82.3633489755959
82.377527142565
82.3917053095342
82.4058834765034
82.4342398104417
82.4484179774109
82.46259614438
82.4767743113492
82.649100044007
82.6894468158866
82.7036249828558
82.7178031498249
82.7319813167941
82.7461594837633
82.7603376507324
82.7745158177016
82.7886939846707
82.8028721516399
82.8170503186091
82.8312284855782
82.8454066525474
82.8595848195166
82.8737629864857
82.8879411534549
82.9162974873932
82.9304756543624
82.9446538213315
82.9588319883007
82.9730101552699
82.987188322239
83.0013664892082
83.0155446561773
83.0297228231465
83.0439009901157
83.0580791570848
83.072257324054
83.0864354910232
83.1006136579923
83.1147918249615
83.1289699919306
83.1431481588998
83.157326325869
83.1715044928381
83.1856826598073
83.1998608267765
83.2140389937456
83.2282171607148
83.242395327684
83.2565734946531
83.2849298285914
83.2991079955606
83.3274643294989
83.3416424964681
83.3558206634372
83.3699988304064
83.3733224956603
83.3875006626295
83.4016788295986
83.4158569965678
83.4442133305061
83.4583914974753
83.4867478314136
83.5009259983828
83.5151041653519
83.5292823323211
83.5434604992902
83.5576386662594
83.5859950001977
83.6001731671669
83.6143513341361
83.6285295011052
83.6568858350436
83.6710640020127
83.6852421689819
83.699420335951
83.7135985029202
83.7277766698894
83.7419548368585
83.7561330038277
83.7703111707968
83.784489337766
83.8128456717043
83.8270238386735
83.8412020056427
83.8553801726118
83.869558339581
83.8837365065502
83.8979146735193
83.9120928404885
83.9262710074576
83.9404491744268
83.954627341396
83.9688055083651
83.9829836753343
84.0113400092726
84.0255181762418
84.0538745101801
84.0626254262916
84.0768035932608
84.0909817602299
84.1051599271991
84.1335162611374
84.1476944281066
84.1760507620449
84.1902289290141
84.2044070959832
84.2185852629524
84.2327634299216
84.2469415968907
84.2611197638599
84.2752979308291
84.2894760977982
84.3178324317365
84.3320105987057
84.3461887656749
84.360366932644
84.3745450996132
84.3887232665824
84.4029014335515
84.4170796005207
84.4312577674898
84.445435934459
84.4596141014282
84.4879704353665
84.5021486023357
84.5163267693048
84.530504936274
84.5446831032431
84.5730394371815
84.5872176041506
84.6013957711198
84.615573938089
84.6439302720273
84.6581084389964
84.6864647729348
84.7006429399039
84.7148211068731
84.7289992738422
84.7431774408114
84.7519283569229
84.7661065238921
84.7802846908613
84.7944628578304
84.8228191917687
84.8369973587379
84.8511755257071
84.8653536926762
84.8795318596454
84.8937100266146
84.9078881935837
84.9220663605529
84.936244527522
84.9504226944912
84.9646008614604
84.9787790284295
84.9929571953987
85.0071353623679
85.021313529337
85.0354916963062
85.0496698632753
85.0638480302445
85.0780261972137
85.0922043641828
85.106382531152
85.1205606981212
85.1347388650903
85.1489170320595
85.1630951990286
85.1772733659978
85.191451532967
85.2056296999361
85.2198078669053
85.2339860338745
85.2481642008436
85.2623423678128
85.2765205347819
85.2906987017511
85.3048768687203
85.3190550356894
85.3332332026586
85.3474113696278
85.3615895365969
85.3757677035661
85.3899458705352
85.4183022044736
85.4324803714427
85.4412312875543
85.4554094545234
85.4695876214926
85.4837657884618
85.4979439554309
85.5121221224001
85.5263002893692
85.5546566233076
85.5688347902767
85.5830129572459
85.597191124215
85.6255474581534
85.6397256251225
85.6539037920917
85.68226012603
85.6964382929992
85.7106164599683
85.7247946269375
85.7389727939067
85.7531509608758
85.767329127845
85.7815072948141
85.7956854617833
85.8098636287525
85.8240417957216
85.8382199626908
85.85239812966
85.8665762966291
85.8807544635983
85.8949326305675
85.9091107975366
85.9232889645058
85.9374671314749
85.9516452984441
85.9658234654133
85.9800016323824
85.9941797993516
86.0083579663207
86.0225361332899
86.0367143002591
86.0508924672282
86.0650706341974
86.0792488011666
86.0934269681357
86.1076051351049
86.121783302074
86.1305342181856
86.1447123851547
86.1588905521239
86.1730687190931
86.2014250530314
86.2156032200006
86.2297813869697
86.2439595539389
86.2581377209081
86.2864940548464
86.3006722218155
86.3148503887847
86.3290285557539
86.3573848896922
86.3715630566613
86.3999193905997
86.4140975575688
86.428275724538
86.4424538915072
86.4566320584763
86.4849883924146
86.4991665593838
86.513344726353
86.5275228933221
86.5417010602913
86.5700573942296
86.5842355611988
86.6125918951371
86.6267700621063
86.6409482290754
86.6551263960446
86.6693045630138
86.6834827299829
86.6976608969521
86.7118390639212
86.7260172308904
86.7401953978596
86.7543735648287
86.7685517317979
86.782729898767
86.7969080657362
86.8110862327054
86.8198371488169
86.8340153157861
86.8481934827552
86.8623716497244
86.8907279836627
86.9049061506319
86.9332624845702
86.9474406515394
86.9616188185085
86.9757969854777
86.9899751524468
87.004153319416
87.0183314863852
87.0325096533543
87.0466878203235
87.0608659872927
87.0750441542618
87.089222321231
87.1034004882002
87.1175786551693
87.1317568221385
87.1459349891076
87.1601131560768
87.174291323046
87.1884694900151
87.2026476569843
87.2168258239534
87.2310039909226
87.2593603248609
87.2735384918301
87.2877166587993
87.3160729927376
87.3302511597067
87.3444293266759
87.3586074936451
87.3727856606142
87.3869638275834
87.4011419945526
87.4153201615217
87.4294983284909
87.44367649546
87.4578546624292
87.4862109963675
87.5003891633367
87.5091400794482
87.5233182464174
87.5374964133865
87.5516745803557
87.580030914294
87.5942090812632
87.6083872482324
87.6225654152015
87.6367435821707
87.6509217491398
87.665099916109
87.6792780830782
87.6934562500473
87.7076344170165
87.7218125839857
87.750168917924
87.7643470848931
87.7785252518623
87.7927034188315
87.8068815858006
87.8352379197389
87.8494160867081
87.8635942536773
87.8777724206464
87.8919505876156
87.9061287545848
87.9203069215539
87.9344850885231
87.9486632554922
87.9628414224614
87.9770195894306
87.9911977563997
88.0053759233689
88.0195540903381
88.0337322573072
88.0479104242764
88.0620885912455
88.0762667582147
88.0904449251839
88.104623092153
88.1329794260914
88.1471575930605
88.1613357600297
88.1755139269988
88.189692093968
88.1984430100795
88.2126211770487
88.2267993440179
88.237043805908
88.2512219728772
88.2654001398464
88.2795783068155
88.2937564737847
88.3079346407539
88.322112807723
88.3362909746922
88.3504691416613
88.3646473086305
88.5369730412883
88.5914979801371
88.6056761471063
88.6198543140754
88.6340324810446
88.6482106480137
88.6623888149829
88.6907451489212
88.7049233158904
88.7332796498287
88.7474578167979
88.7616359837671
88.7758141507362
88.7899923177054
88.8183486516437
88.8325268186129
88.846704985582
88.8608831525512
88.8750613195204
88.8877459407109
88.90192410768
88.9302804416184
88.9444586085875
88.9586367755567
88.9728149425258
89.0011712764642
89.0153494434333
89.0295276104025
89.0437057773716
89.07206211131
89.0862402782791
89.1145966122175
89.1287747791866
89.1429529461558
89.1713092800941
89.1854874470633
89.2138437810016
89.2280219479708
89.2422001149399
89.2563782819091
89.2847346158474
89.2989127828166
89.3130909497857
89.3414472837241
89.3556254506932
89.3698036176624
89.3839817846315
89.4123381185699
89.426516285539
89.4406944525082
89.4690507864465
89.4832289534157
89.4974071203848
89.511585287354
89.5257634543232
89.5399416212923
89.5541197882615
89.5682979552306
89.5770488713422
89.5912270383113
89.6054052052805
89.6195833722497
89.6337615392188
89.647939706188
89.6762960401263
89.6904742070955
89.7046523740646
89.7188305410338
89.733008708003
89.7471868749721
89.7613650419413
89.7755432089104
89.7897213758796
89.8038995428488
89.8180777098179
89.8464340437563
89.8606122107254
89.8889685446638
89.9031467116329
89.9173248786021
89.9456812125404
89.9598593795096
89.9882157134479
90.0023938804171
90.0165720473862
90.0307502143554
90.0449283813245
90.0732847152629
90.087462882232
90.1158192161704
90.1299973831395
90.1583537170778
90.172531884047
90.1867100510162
90.2150663849545
90.2292445519236
90.257600885862
90.2663518019735
90.2805299689427
90.2947081359118
90.308886302881
90.3372426368193
90.3514208037885
90.3655989707576
90.3797771377268
90.393955304696
90.4081334716651
90.4223116386343
90.4364898056034
90.4506679725726
90.4648461395418
90.4790243065109
90.4932024734801
90.5073806404493
90.5215588074184
90.5357369743876
90.5499151413567
90.5640933083259
90.5782714752951
90.5924496422642
90.6066278092334
90.6208059762026
90.6349841431717
90.66334047711
90.6775186440792
90.6916968110484
90.7058749780175
90.7200531449867
90.7342313119559
90.748409478925
90.7625876458942
90.7767658128633
90.7909439798325
90.8051221468017
90.8193003137708
90.83347848074
90.8476566477092
90.8618348146783
90.8760129816475
90.8901911486166
90.9043693155858
90.918547482555
90.9469038164933
90.9556547326048
90.969832899574
90.9840110665431
90.9981892335123
91.0123674004815
91.0265455674506
91.0407237344198
91.0690800683581
91.0832582353273
91.1116145692656
91.1257927362348
91.1541490701731
91.1683272371423
91.1825054041114
91.2108617380497
91.2250399050189
91.2392180719881
91.2533962389572
91.2817525728955
91.2959307398647
91.324287073803
91.3384652407722
91.3668215747105
91.3951779086488
91.4235342425872
91.4377124095563
91.4518905765255
91.4660687434947
91.4802469104638
91.494425077433
91.5086032444022
91.5227814113713
91.5369595783405
91.5511377453096
91.5653159122788
91.579494079248
91.5936722462171
91.6078504131863
91.6220285801554
91.6449576632361
91.6591358302053
91.6733139971745
91.6874921641436
91.7016703311128
91.715848498082
91.7300266650511
91.7442048320203
91.7583829989894
91.7725611659586
91.7867393329278
91.8009174998969
91.8150956668661
91.8292738338352
91.8434520008044
91.8576301677736
91.8718083347427
91.8859865017119
91.9001646686811
91.9143428356502
91.9285210026194
91.9426991695886
91.9568773365577
91.9710555035269
91.985233670496
91.9994118374652
92.0135900044343
92.0277681714035
92.0419463383727
92.0561245053418
92.070302672311
92.0986590062493
92.1128371732185
92.1270153401877
92.1695498410951
92.1837280080643
92.2120843420026
92.240440675941
92.2546188429101
92.2687970098793
92.2829751768484
92.2971533438176
92.3113315107868
92.3342605938675
92.3484387608366
92.3626169278058
92.3767950947749
92.4051514287133
92.4193295956824
92.4476859296208
92.4618640965899
92.4760422635591
92.4902204305283
92.5185767644666
92.5327549314357
92.5469330984049
92.5752894323432
92.5894675993124
92.6178239332507
92.6320021002199
92.6603584341582
92.6745366011274
92.7028929350657
92.7170711020348
92.7454274359732
92.7596056029423
92.7737837699115
92.7879619368806
92.8021401038498
92.8304964377881
92.8446746047573
92.8588527717265
92.8730309386956
92.8872091056648
92.9155654396031
92.9297436065723
92.9439217735414
92.9722781074798
93.0006344414181
93.0148126083872
93.0235635244988
93.0377416914679
93.0519198584371
93.0660980254063
93.0802761923754
93.0944543593446
93.1086325263138
93.1228106932829
93.1369888602521
93.1511670272212
93.1653451941904
93.1795233611596
93.1937015281287
93.2078796950979
93.2220578620671
93.2362360290362
93.2645923629745
93.2929486969129
93.307126863882
93.3213050308512
93.3496613647895
93.3638395317587
93.3780176987278
93.4063740326662
93.4205521996353
93.4347303666045
93.4489085335736
93.4630867005428
93.477264867512
93.4914430344811
93.5056212014503
93.5197993684195
93.5339775353886
93.5481557023578
93.5623338693269
93.5765120362961
93.6048683702344
93.6190465372036
93.6615810381111
93.6757592050802
93.6899373720494
93.7041155390186
93.7128664551301
93.7270446220993
93.7412227890684
93.7554009560376
93.7695791230067
93.7837572899759
93.7979354569451
93.8121136239142
93.8262917908834
93.8546481248217
93.8688262917909
93.88300445876
93.8971826257292
93.9113607926984
93.9255389596675
93.9397171266367
93.9538952936059
93.968073460575
93.9822516275442
93.9964297945133
94.0106079614825
94.0247861284517
94.0389642954208
94.05314246239
94.0673206293592
94.0956769632975
94.1240332972358
94.138211464205
94.1523896311741
94.1665677981433
94.1807459651125
94.1949241320816
94.2091022990508
94.2232804660199
94.2374586329891
94.2516367999583
94.2658149669274
94.2799931338966
94.2941713008657
94.3083494678349
94.3225276348041
94.3367058017732
94.3508839687424
94.3792403026807
94.3934184696499
94.4021693857614
94.4163475527306
94.4305257196997
94.4588820536381
94.4872383875764
94.5014165545456
94.5297728884839
94.5439510554531
94.5581292224222
94.5723073893914
94.6006637233297
94.6148418902988
94.6431982242372
94.6573763912063
94.6857327251447
94.6999108921138
94.8722366247717
95.0118305654354
95.0260087324045
95.0401868993737
95.0543650663429
95.068543233312
95.0827214002812
95.0914723163927
95.1056504833619
95.1198286503311
95.1340068173002
95.1481849842694
95.1623631512386
95.1765413182077
95.204897652146
95.2190758191152
95.2332539860844
95.2474321530535
95.2616103200227
95.289966653961
95.3183229878993
95.3325011548685
95.3466793218377
95.3608574888068
95.375035655776
95.4033919897143
95.4175701566835
95.4459264906218
95.460104657591
95.4742828245601
95.4884609915293
95.5026391584985
95.5168173254676
95.5451736594059
95.5593518263751
95.5735299933443
95.5877081603134
95.6018863272826
95.6302426612209
95.6444208281901
95.6585989951592
95.6727771621284
95.6869553290976
95.7011334960667
95.7153116630359
95.729489830005
95.7578461639434
95.7720243309125
95.7807752470241
95.7949534139932
95.8091315809624
95.8233097479315
95.8374879149007
95.8516660818699
95.865844248839
95.8800224158082
95.8942005827774
95.9083787497465
95.9225569167157
95.9367350836848
95.950913250654
95.9650914176232
95.9792695845923
95.9934477515615
96.0076259185307
96.0218040854998
96.035982252469
96.0501604194381
96.0643385864073
96.0785167533765
96.0926949203456
96.1068730873148
96.121051254284
96.1352294212531
96.1494075882223
96.1635857551914
96.1777639221606
96.1919420891298
96.2202984230681
96.2344765900373
96.2486547570064
96.2628329239756
96.2770110909447
96.2911892579139
96.3053674248831
96.3195455918522
96.3337237588214
96.3479019257906
96.3620800927597
96.3762582597289
96.390436426698
96.4046145936672
96.4187927606364
96.4329709276055
96.4471490945747
96.4613272615438
96.4700781776554
96.4842563446245
96.4984345115937
96.5126126785629
96.5409690125012
96.5551471794704
96.5835035134087
96.611859847347
96.6260380143162
96.6402161812853
96.6685725152236
96.6827506821928
96.7111070161311
96.7252851831003
96.7394633500695
96.7536415170386
96.7678196840078
96.7961760179461
96.8103541849153
96.8387105188536
96.8670668527919
96.8812450197611
96.8954231867302
96.9096013536994
96.9237795206686
96.9521358546069
96.9663140215761
96.9804921885452
97.0088485224835
97.0230266894527
97.0372048564219
97.0655611903602
97.0797393573294
97.0939175242985
97.1080956912677
97.136452025206
97.1506301921752
97.1593811082867
97.1735592752559
97.187737442225
97.2019156091942
97.2160937761633
97.2302719431325
97.2444501101017
97.2586282770708
97.27280644404
97.2869846110092
97.3011627779783
97.3153409449475
97.3295191119166
97.3436972788858
97.357875445855
97.3720536128241
97.3862317797933
97.4004099467625
97.4145881137316
97.4287662807008
97.4429444476699
97.4571226146391
97.4713007816083
97.4854789485774
97.5138352825157
97.5280134494849
97.5563697834232
97.5705479503924
97.5847261173616
97.5989042843307
97.6130824512999
97.627260618269
97.6414387852382
97.6556169522074
97.6697951191765
97.6839732861457
97.6981514531149
97.712329620084
97.7265077870532
97.7406859540224
97.7548641209915
97.7690422879607
97.7832204549298
97.8115767888682
97.8399331228065
97.848684038918
97.8628622058872
97.8770403728563
97.8912185398255
98.0635442724833
98.2358700051412
98.408195737799
98.5379869695493
98.5521651365185
98.5663433034877
98.5805214704568
98.594699637426
98.6088778043951
98.6230559713643
98.6372341383335
98.6514123053026
98.6655904722718
98.679768639241
98.6939468062101
98.7081249731793
98.7223031401485
98.7364813071176
98.7506594740868
98.7648376410559
98.7790158080251
98.7931939749943
98.8073721419634
98.8215503089326
98.8357284759017
98.8499066428709
98.8640848098401
98.8782629768092
98.8924411437784
98.9066193107476
98.9207974777167
98.949153811655
98.9633319786242
98.9775101455934
98.9916883125625
99.0058664795317
99.0200446465008
99.03422281347
99.0484009804392
99.0625791474083
99.0767573143775
99.0909354813467
99.1051136483158
99.119291815285
99.1476481492233
99.1901826501308
99.2185389840691
99.2272899001807
99.2414680671498
99.255646234119
99.2698244010881
99.2981807350265
99.3123589019956
99.3265370689648
99.340715235934
99.3548934029031
99.3832497368414
99.4257842377489
99.4399624047181
99.4541405716873
99.4824969056256
99.4966750725947
99.5250314065331
99.5392095735022
99.5533877404714
99.5675659074406
99.5817440744097
99.5959222413789
99.610100408348
99.6242785753172
99.6384567422864
99.6526349092555
99.6668130762247
99.695169410163
99.7093475771322
99.7235257441013
99.7518820780397
99.780238411978
99.8369510798546
99.865307413793
99.8936637477313
100.0
